ImageId,Label
1,2
2,0
3,9
4,9
5,3
6,7
7,0
8,3
9,0
10,3
11,5
12,7
13,4
14,0
15,4
16,3
17,3
18,1
19,9
20,0
21,9
22,1
23,1
24,5
25,7
26,4
27,2
28,7
29,4
30,7
31,7
32,5
33,4
34,2
35,6
36,2
37,5
38,5
39,1
40,6
41,7
42,7
43,4
44,9
45,8
46,7
47,8
48,2
49,6
50,7
51,6
52,8
53,8
54,3
55,8
56,2
57,1
58,2
59,2
60,9
61,4
62,1
63,7
64,0
65,0
66,0
67,1
68,9
69,0
70,1
71,6
72,5
73,8
74,8
75,2
76,8
77,9
78,9
79,2
80,3
81,5
82,4
83,1
84,0
85,9
86,2
87,4
88,3
89,6
90,7
91,2
92,0
93,6
94,6
95,1
96,4
97,3
98,9
99,7
100,4
101,0
102,9
103,2
104,0
105,7
106,3
107,0
108,5
109,0
110,8
111,0
112,0
113,4
114,7
115,1
116,7
117,1
118,1
119,3
120,3
121,3
122,7
123,2
124,8
125,6
126,3
127,8
128,7
129,7
130,4
131,3
132,5
133,6
134,0
135,0
136,0
137,3
138,1
139,3
140,6
141,4
142,3
143,4
144,5
145,5
146,8
147,7
148,7
149,2
150,8
151,4
152,3
153,5
154,6
155,5
156,3
157,7
158,5
159,7
160,8
161,3
162,0
163,4
164,5
165,1
166,2
167,7
168,6
169,3
170,0
171,2
172,7
173,8
174,6
175,1
176,3
177,7
178,4
179,1
180,2
181,4
182,8
183,5
184,2
185,4
186,9
187,2
188,1
189,6
190,0
191,6
192,1
193,4
194,9
195,6
196,0
197,9
198,7
199,6
200,9
201,1
202,9
203,0
204,9
205,9
206,0
207,8
208,4
209,6
210,2
211,0
212,9
213,3
214,6
215,3
216,2
217,1
218,6
219,3
220,4
221,2
222,3
223,1
224,2
225,2
226,0
227,4
228,6
229,1
230,0
231,0
232,4
233,9
234,1
235,7
236,3
237,2
238,3
239,8
240,6
241,8
242,6
243,2
244,8
245,5
246,5
247,4
248,8
249,3
250,5
251,9
252,7
253,1
254,3
255,8
256,4
257,5
258,1
259,4
260,5
261,6
262,3
263,3
264,5
265,7
266,0
267,6
268,8
269,3
270,1
271,6
272,0
273,6
274,3
275,9
276,3
277,1
278,5
279,8
280,4
281,0
282,9
283,2
284,0
285,5
286,3
287,7
288,1
289,9
290,9
291,5
292,7
293,7
294,9
295,9
296,6
297,3
298,0
299,3
300,3
301,6
302,9
303,8
304,2
305,6
306,3
307,7
308,1
309,4
310,5
311,8
312,5
313,9
314,0
315,0
316,3
317,8
318,4
319,1
320,8
321,4
322,1
323,1
324,9
325,8
326,4
327,5
328,1
329,5
330,3
331,6
332,3
333,1
334,3
335,0
336,9
337,0
338,0
339,6
340,0
341,6
342,9
343,1
344,8
345,6
346,0
347,6
348,5
349,2
350,2
351,6
352,7
353,7
354,2
355,5
356,8
357,3
358,9
359,2
360,7
361,8
362,6
363,3
364,8
365,4
366,2
367,3
368,8
369,1
370,6
371,4
372,8
373,7
374,9
375,7
376,6
377,9
378,5
379,3
380,7
381,6
382,5
383,5
384,4
385,2
386,6
387,2
388,1
389,3
390,7
391,1
392,7
393,9
394,9
395,6
396,1
397,1
398,1
399,7
400,3
401,9
402,7
403,6
404,1
405,1
406,1
407,9
408,3
409,8
410,5
411,5
412,0
413,4
414,1
415,2
416,3
417,1
418,1
419,3
420,5
421,9
422,6
423,6
424,5
425,3
426,1
427,4
428,7
429,4
430,7
431,4
432,8
433,5
434,2
435,6
436,1
437,3
438,9
439,5
440,0
441,8
442,4
443,7
444,4
445,4
446,4
447,1
448,5
449,3
450,9
451,5
452,7
453,6
454,9
455,5
456,9
457,2
458,3
459,5
460,6
461,6
462,7
463,5
464,0
465,5
466,1
467,7
468,4
469,4
470,1
471,1
472,4
473,9
474,5
475,6
476,0
477,1
478,3
479,1
480,0
481,4
482,8
483,1
484,2
485,7
486,9
487,4
488,8
489,3
490,7
491,7
492,4
493,2
494,4
495,6
496,7
497,6
498,3
499,2
500,0
501,6
502,5
503,9
504,4
505,1
506,8
507,3
508,3
509,0
510,2
511,7
512,5
513,8
514,7
515,5
516,3
517,5
518,7
519,4
520,3
521,6
522,9
523,0
524,7
525,7
526,1
527,0
528,1
529,1
530,7
531,0
532,5
533,3
534,8
535,3
536,5
537,6
538,5
539,7
540,3
541,0
542,2
543,8
544,2
545,0
546,3
547,0
548,9
549,2
550,1
551,1
552,3
553,0
554,5
555,5
556,0
557,7
558,5
559,6
560,2
561,0
562,3
563,8
564,1
565,6
566,5
567,4
568,1
569,1
570,4
571,6
572,5
573,3
574,6
575,0
576,4
577,8
578,2
579,4
580,2
581,5
582,1
583,7
584,6
585,9
586,1
587,7
588,3
589,8
590,0
591,8
592,8
593,4
594,5
595,3
596,6
597,6
598,6
599,0
600,3
601,5
602,1
603,7
604,1
605,6
606,2
607,8
608,5
609,6
610,4
611,7
612,4
613,3
614,3
615,2
616,4
617,7
618,0
619,0
620,9
621,8
622,5
623,9
624,4
625,0
626,8
627,8
628,3
629,6
630,2
631,6
632,1
633,8
634,6
635,1
636,4
637,7
638,7
639,8
640,3
641,0
642,9
643,9
644,6
645,7
646,7
647,4
648,4
649,1
650,8
651,4
652,8
653,0
654,2
655,8
656,2
657,4
658,3
659,3
660,7
661,2
662,3
663,4
664,0
665,4
666,8
667,1
668,3
669,3
670,6
671,3
672,9
673,4
674,3
675,8
676,7
677,7
678,2
679,6
680,0
681,6
682,9
683,8
684,8
685,1
686,3
687,4
688,6
689,9
690,9
691,2
692,6
693,0
694,1
695,8
696,4
697,3
698,9
699,8
700,8
701,4
702,0
703,5
704,0
705,6
706,0
707,4
708,4
709,6
710,5
711,1
712,8
713,1
714,5
715,3
716,6
717,2
718,3
719,7
720,8
721,9
722,3
723,1
724,0
725,1
726,0
727,6
728,4
729,7
730,5
731,7
732,1
733,3
734,2
735,7
736,7
737,1
738,5
739,1
740,5
741,4
742,4
743,3
744,4
745,3
746,9
747,0
748,7
749,8
750,6
751,4
752,9
753,4
754,4
755,1
756,4
757,7
758,1
759,1
760,8
761,7
762,0
763,4
764,0
765,4
766,0
767,0
768,5
769,1
770,8
771,6
772,5
773,0
774,1
775,5
776,3
777,4
778,6
779,3
780,1
781,1
782,6
783,9
784,8
785,3
786,5
787,5
788,4
789,8
790,5
791,5
792,0
793,4
794,0
795,4
796,3
797,1
798,6
799,9
800,9
801,1
802,1
803,3
804,3
805,1
806,4
807,9
808,6
809,9
810,1
811,5
812,4
813,2
814,3
815,2
816,4
817,0
818,9
819,7
820,4
821,3
822,0
823,5
824,0
825,1
826,9
827,0
828,4
829,5
830,2
831,8
832,0
833,5
834,9
835,3
836,9
837,6
838,1
839,5
840,5
841,1
842,9
843,0
844,8
845,7
846,6
847,7
848,2
849,8
850,5
851,8
852,9
853,7
854,7
855,2
856,8
857,1
858,3
859,4
860,5
861,0
862,4
863,1
864,4
865,2
866,3
867,6
868,9
869,2
870,3
871,4
872,5
873,4
874,2
875,3
876,3
877,1
878,1
879,0
880,1
881,4
882,9
883,1
884,1
885,2
886,7
887,1
888,5
889,4
890,9
891,1
892,7
893,6
894,0
895,4
896,2
897,9
898,4
899,1
900,1
901,5
902,3
903,5
904,7
905,4
906,7
907,8
908,3
909,2
910,7
911,2
912,0
913,4
914,7
915,1
916,6
917,4
918,6
919,1
920,5
921,7
922,3
923,5
924,9
925,4
926,7
927,9
928,6
929,6
930,3
931,3
932,2
933,1
934,4
935,5
936,3
937,7
938,7
939,9
940,5
941,6
942,2
943,6
944,1
945,0
946,9
947,3
948,2
949,9
950,2
951,6
952,7
953,5
954,2
955,3
956,2
957,8
958,3
959,0
960,2
961,7
962,9
963,4
964,0
965,9
966,5
967,1
968,8
969,8
970,5
971,3
972,2
973,9
974,6
975,7
976,0
977,8
978,0
979,7
980,4
981,5
982,8
983,7
984,9
985,7
986,7
987,0
988,5
989,3
990,2
991,1
992,9
993,0
994,6
995,8
996,3
997,6
998,2
999,2
1000,9
1001,0
1002,7
1003,0
1004,7
1005,1
1006,3
1007,4
1008,6
1009,3
1010,9
1011,2
1012,6
1013,3
1014,7
1015,3
1016,7
1017,2
1018,3
1019,4
1020,9
1021,5
1022,9
1023,9
1024,6
1025,2
1026,6
1027,1
1028,5
1029,5
1030,1
1031,9
1032,1
1033,8
1034,9
1035,4
1036,5
1037,9
1038,5
1039,2
1040,0
1041,1
1042,6
1043,1
1044,9
1045,2
1046,2
1047,7
1048,7
1049,6
1050,6
1051,2
1052,6
1053,3
1054,5
1055,9
1056,1
1057,1
1058,3
1059,6
1060,3
1061,0
1062,0
1063,6
1064,0
1065,9
1066,4
1067,7
1068,0
1069,5
1070,9
1071,0
1072,8
1073,7
1074,6
1075,9
1076,2
1077,6
1078,1
1079,2
1080,9
1081,3
1082,0
1083,2
1084,3
1085,7
1086,7
1087,6
1088,6
1089,3
1090,1
1091,3
1092,1
1093,0
1094,1
1095,7
1096,6
1097,3
1098,3
1099,3
1100,3
1101,4
1102,2
1103,9
1104,1
1105,8
1106,2
1107,0
1108,6
1109,4
1110,6
1111,7
1112,2
1113,4
1114,1
1115,0
1116,5
1117,2
1118,6
1119,4
1120,9
1121,8
1122,5
1123,4
1124,1
1125,6
1126,3
1127,8
1128,6
1129,1
1130,2
1131,0
1132,8
1133,8
1134,0
1135,3
1136,6
1137,8
1138,7
1139,7
1140,7
1141,6
1142,0
1143,2
1144,1
1145,2
1146,8
1147,4
1148,5
1149,5
1150,3
1151,6
1152,7
1153,8
1154,4
1155,7
1156,4
1157,4
1158,1
1159,8
1160,0
1161,9
1162,1
1163,9
1164,0
1165,6
1166,4
1167,1
1168,2
1169,4
1170,5
1171,8
1172,2
1173,9
1174,1
1175,8
1176,2
1177,2
1178,7
1179,2
1180,5
1181,3
1182,8
1183,9
1184,4
1185,0
1186,7
1187,0
1188,3
1189,5
1190,9
1191,7
1192,3
1193,3
1194,8
1195,8
1196,9
1197,3
1198,2
1199,5
1200,4
1201,4
1202,8
1203,3
1204,0
1205,1
1206,7
1207,9
1208,6
1209,4
1210,0
1211,4
1212,7
1213,8
1214,4
1215,5
1216,9
1217,6
1218,7
1219,8
1220,2
1221,0
1222,0
1223,5
1224,0
1225,5
1226,9
1227,9
1228,9
1229,9
1230,5
1231,4
1232,3
1233,7
1234,5
1235,4
1236,1
1237,9
1238,5
1239,4
1240,9
1241,9
1242,5
1243,7
1244,8
1245,2
1246,4
1247,7
1248,4
1249,3
1250,8
1251,6
1252,6
1253,0
1254,4
1255,5
1256,5
1257,7
1258,6
1259,5
1260,3
1261,1
1262,7
1263,4
1264,2
1265,2
1266,1
1267,9
1268,9
1269,8
1270,1
1271,1
1272,6
1273,1
1274,0
1275,0
1276,4
1277,0
1278,2
1279,7
1280,6
1281,1
1282,4
1283,7
1284,0
1285,7
1286,1
1287,0
1288,3
1289,3
1290,1
1291,9
1292,8
1293,4
1294,6
1295,5
1296,9
1297,8
1298,6
1299,3
1300,6
1301,6
1302,6
1303,1
1304,1
1305,4
1306,0
1307,7
1308,8
1309,0
1310,4
1311,6
1312,7
1313,9
1314,5
1315,9
1316,6
1317,2
1318,4
1319,7
1320,5
1321,9
1322,8
1323,5
1324,1
1325,8
1326,0
1327,3
1328,6
1329,8
1330,1
1331,3
1332,6
1333,3
1334,1
1335,9
1336,1
1337,4
1338,5
1339,8
1340,2
1341,2
1342,9
1343,1
1344,3
1345,3
1346,0
1347,5
1348,6
1349,1
1350,8
1351,3
1352,6
1353,7
1354,2
1355,3
1356,2
1357,9
1358,2
1359,1
1360,5
1361,9
1362,8
1363,7
1364,3
1365,8
1366,4
1367,5
1368,8
1369,2
1370,1
1371,6
1372,7
1373,6
1374,1
1375,1
1376,0
1377,5
1378,0
1379,9
1380,1
1381,7
1382,4
1383,0
1384,8
1385,7
1386,5
1387,9
1388,8
1389,8
1390,7
1391,5
1392,4
1393,3
1394,7
1395,9
1396,4
1397,7
1398,2
1399,7
1400,4
1401,1
1402,5
1403,8
1404,2
1405,3
1406,5
1407,7
1408,8
1409,4
1410,5
1411,9
1412,1
1413,5
1414,1
1415,7
1416,3
1417,7
1418,5
1419,1
1420,7
1421,9
1422,2
1423,3
1424,6
1425,8
1426,8
1427,5
1428,0
1429,8
1430,8
1431,4
1432,7
1433,1
1434,9
1435,6
1436,8
1437,9
1438,4
1439,9
1440,9
1441,6
1442,3
1443,2
1444,7
1445,4
1446,8
1447,0
1448,4
1449,9
1450,0
1451,8
1452,8
1453,7
1454,0
1455,9
1456,0
1457,8
1458,7
1459,0
1460,8
1461,5
1462,3
1463,3
1464,6
1465,2
1466,5
1467,3
1468,1
1469,3
1470,3
1471,1
1472,0
1473,6
1474,5
1475,9
1476,3
1477,2
1478,9
1479,4
1480,8
1481,8
1482,7
1483,6
1484,4
1485,4
1486,0
1487,7
1488,5
1489,9
1490,6
1491,7
1492,3
1493,8
1494,9
1495,8
1496,0
1497,8
1498,6
1499,0
1500,3
1501,0
1502,1
1503,8
1504,2
1505,8
1506,6
1507,0
1508,1
1509,2
1510,0
1511,7
1512,3
1513,6
1514,9
1515,2
1516,3
1517,1
1518,7
1519,3
1520,9
1521,5
1522,9
1523,9
1524,1
1525,1
1526,5
1527,8
1528,3
1529,2
1530,5
1531,4
1532,1
1533,8
1534,4
1535,0
1536,7
1537,0
1538,4
1539,0
1540,0
1541,7
1542,1
1543,3
1544,5
1545,5
1546,8
1547,9
1548,7
1549,9
1550,4
1551,6
1552,0
1553,1
1554,9
1555,2
1556,7
1557,4
1558,8
1559,5
1560,0
1561,5
1562,9
1563,8
1564,7
1565,5
1566,0
1567,8
1568,9
1569,9
1570,6
1571,3
1572,0
1573,8
1574,7
1575,5
1576,2
1577,6
1578,1
1579,7
1580,2
1581,3
1582,8
1583,8
1584,1
1585,4
1586,6
1587,2
1588,4
1589,0
1590,2
1591,3
1592,6
1593,3
1594,8
1595,2
1596,9
1597,1
1598,3
1599,2
1600,5
1601,8
1602,7
1603,7
1604,6
1605,2
1606,0
1607,3
1608,2
1609,8
1610,1
1611,5
1612,4
1613,3
1614,3
1615,1
1616,9
1617,3
1618,2
1619,1
1620,1
1621,3
1622,6
1623,1
1624,3
1625,4
1626,4
1627,9
1628,6
1629,6
1630,7
1631,5
1632,9
1633,6
1634,6
1635,1
1636,0
1637,7
1638,8
1639,8
1640,8
1641,3
1642,7
1643,7
1644,7
1645,1
1646,4
1647,6
1648,1
1649,0
1650,0
1651,1
1652,7
1653,7
1654,8
1655,8
1656,9
1657,8
1658,2
1659,4
1660,8
1661,1
1662,3
1663,6
1664,1
1665,3
1666,3
1667,6
1668,6
1669,5
1670,8
1671,8
1672,5
1673,4
1674,5
1675,9
1676,8
1677,2
1678,0
1679,1
1680,3
1681,3
1682,5
1683,6
1684,3
1685,3
1686,6
1687,9
1688,3
1689,3
1690,7
1691,7
1692,5
1693,6
1694,5
1695,1
1696,7
1697,4
1698,5
1699,9
1700,0
1701,2
1702,8
1703,0
1704,9
1705,5
1706,3
1707,0
1708,8
1709,0
1710,7
1711,7
1712,1
1713,5
1714,4
1715,4
1716,9
1717,7
1718,0
1719,3
1720,1
1721,3
1722,3
1723,6
1724,2
1725,4
1726,2
1727,1
1728,6
1729,5
1730,9
1731,3
1732,4
1733,1
1734,9
1735,4
1736,0
1737,3
1738,5
1739,1
1740,0
1741,0
1742,5
1743,3
1744,9
1745,4
1746,9
1747,1
1748,0
1749,0
1750,5
1751,7
1752,1
1753,6
1754,8
1755,3
1756,7
1757,0
1758,3
1759,8
1760,2
1761,8
1762,6
1763,7
1764,9
1765,1
1766,8
1767,4
1768,5
1769,3
1770,1
1771,3
1772,2
1773,2
1774,5
1775,3
1776,8
1777,8
1778,2
1779,7
1780,4
1781,8
1782,5
1783,7
1784,0
1785,6
1786,6
1787,2
1788,3
1789,2
1790,2
1791,9
1792,1
1793,9
1794,6
1795,9
1796,2
1797,2
1798,6
1799,0
1800,4
1801,0
1802,0
1803,0
1804,0
1805,3
1806,0
1807,4
1808,3
1809,6
1810,7
1811,8
1812,6
1813,0
1814,5
1815,1
1816,8
1817,5
1818,6
1819,0
1820,2
1821,7
1822,6
1823,1
1824,3
1825,9
1826,9
1827,3
1828,0
1829,3
1830,5
1831,9
1832,6
1833,8
1834,3
1835,1
1836,0
1837,0
1838,9
1839,0
1840,6
1841,6
1842,2
1843,4
1844,3
1845,0
1846,2
1847,7
1848,1
1849,5
1850,8
1851,5
1852,8
1853,8
1854,4
1855,7
1856,4
1857,3
1858,6
1859,5
1860,7
1861,3
1862,1
1863,6
1864,7
1865,1
1866,3
1867,1
1868,8
1869,8
1870,1
1871,5
1872,2
1873,2
1874,6
1875,9
1876,0
1877,2
1878,7
1879,2
1880,7
1881,4
1882,4
1883,5
1884,3
1885,0
1886,4
1887,5
1888,1
1889,4
1890,6
1891,9
1892,7
1893,6
1894,5
1895,0
1896,6
1897,1
1898,3
1899,8
1900,4
1901,6
1902,0
1903,0
1904,3
1905,7
1906,9
1907,8
1908,6
1909,9
1910,9
1911,1
1912,5
1913,0
1914,9
1915,1
1916,7
1917,9
1918,0
1919,8
1920,9
1921,0
1922,6
1923,9
1924,2
1925,4
1926,2
1927,1
1928,9
1929,4
1930,4
1931,8
1932,8
1933,6
1934,5
1935,6
1936,1
1937,3
1938,5
1939,9
1940,3
1941,9
1942,7
1943,0
1944,7
1945,6
1946,5
1947,8
1948,6
1949,6
1950,0
1951,7
1952,4
1953,5
1954,8
1955,7
1956,7
1957,8
1958,5
1959,5
1960,5
1961,5
1962,3
1963,6
1964,8
1965,3
1966,6
1967,1
1968,9
1969,8
1970,0
1971,9
1972,4
1973,4
1974,5
1975,8
1976,4
1977,0
1978,9
1979,3
1980,0
1981,9
1982,4
1983,6
1984,4
1985,0
1986,2
1987,0
1988,1
1989,7
1990,5
1991,9
1992,8
1993,7
1994,8
1995,6
1996,2
1997,0
1998,0
1999,3
2000,7
2001,8
2002,6
2003,1
2004,6
2005,7
2006,2
2007,5
2008,9
2009,7
2010,1
2011,1
2012,4
2013,1
2014,6
2015,6
2016,7
2017,0
2018,8
2019,4
2020,7
2021,0
2022,9
2023,4
2024,6
2025,2
2026,6
2027,7
2028,3
2029,2
2030,9
2031,6
2032,5
2033,2
2034,5
2035,8
2036,5
2037,6
2038,3
2039,2
2040,2
2041,7
2042,7
2043,3
2044,4
2045,9
2046,2
2047,8
2048,0
2049,2
2050,4
2051,0
2052,9
2053,4
2054,5
2055,8
2056,8
2057,9
2058,3
2059,3
2060,5
2061,9
2062,0
2063,7
2064,0
2065,5
2066,5
2067,2
2068,9
2069,1
2070,9
2071,9
2072,4
2073,6
2074,4
2075,6
2076,8
2077,9
2078,0
2079,0
2080,8
2081,2
2082,1
2083,6
2084,8
2085,2
2086,3
2087,0
2088,2
2089,5
2090,5
2091,7
2092,3
2093,3
2094,3
2095,9
2096,6
2097,2
2098,3
2099,4
2100,3
2101,7
2102,7
2103,9
2104,2
2105,6
2106,6
2107,9
2108,5
2109,8
2110,0
2111,6
2112,7
2113,4
2114,2
2115,2
2116,4
2117,0
2118,6
2119,2
2120,1
2121,4
2122,2
2123,6
2124,7
2125,5
2126,6
2127,7
2128,0
2129,6
2130,8
2131,2
2132,4
2133,4
2134,5
2135,7
2136,6
2137,8
2138,1
2139,4
2140,6
2141,6
2142,1
2143,5
2144,2
2145,5
2146,0
2147,0
2148,1
2149,1
2150,4
2151,7
2152,0
2153,3
2154,6
2155,5
2156,0
2157,5
2158,2
2159,0
2160,8
2161,9
2162,1
2163,5
2164,7
2165,3
2166,3
2167,6
2168,1
2169,6
2170,5
2171,9
2172,5
2173,2
2174,0
2175,7
2176,4
2177,0
2178,2
2179,7
2180,4
2181,4
2182,6
2183,0
2184,4
2185,6
2186,8
2187,9
2188,1
2189,7
2190,4
2191,7
2192,9
2193,4
2194,7
2195,4
2196,8
2197,5
2198,9
2199,5
2200,5
2201,1
2202,9
2203,3
2204,2
2205,4
2206,0
2207,2
2208,6
2209,6
2210,8
2211,0
2212,4
2213,3
2214,1
2215,2
2216,6
2217,7
2218,3
2219,7
2220,7
2221,1
2222,5
2223,5
2224,4
2225,0
2226,1
2227,2
2228,2
2229,1
2230,1
2231,4
2232,2
2233,2
2234,1
2235,1
2236,7
2237,9
2238,4
2239,8
2240,0
2241,8
2242,9
2243,3
2244,8
2245,9
2246,4
2247,6
2248,3
2249,3
2250,3
2251,9
2252,4
2253,3
2254,6
2255,9
2256,1
2257,4
2258,6
2259,0
2260,6
2261,0
2262,5
2263,9
2264,0
2265,1
2266,8
2267,0
2268,4
2269,2
2270,0
2271,1
2272,5
2273,3
2274,4
2275,5
2276,7
2277,6
2278,8
2279,8
2280,7
2281,9
2282,0
2283,3
2284,2
2285,6
2286,0
2287,5
2288,5
2289,9
2290,6
2291,5
2292,4
2293,2
2294,1
2295,4
2296,3
2297,6
2298,4
2299,8
2300,7
2301,2
2302,8
2303,0
2304,3
2305,4
2306,5
2307,3
2308,3
2309,1
2310,6
2311,4
2312,5
2313,9
2314,7
2315,0
2316,1
2317,2
2318,5
2319,3
2320,2
2321,6
2322,4
2323,2
2324,5
2325,9
2326,3
2327,4
2328,6
2329,3
2330,5
2331,8
2332,2
2333,8
2334,9
2335,8
2336,7
2337,5
2338,9
2339,9
2340,9
2341,4
2342,6
2343,7
2344,3
2345,6
2346,9
2347,9
2348,6
2349,6
2350,0
2351,9
2352,4
2353,9
2354,7
2355,4
2356,1
2357,7
2358,2
2359,8
2360,8
2361,0
2362,5
2363,6
2364,7
2365,1
2366,8
2367,0
2368,8
2369,0
2370,9
2371,4
2372,2
2373,4
2374,2
2375,1
2376,1
2377,6
2378,7
2379,6
2380,7
2381,5
2382,3
2383,6
2384,6
2385,3
2386,4
2387,8
2388,7
2389,8
2390,8
2391,7
2392,0
2393,0
2394,7
2395,7
2396,1
2397,6
2398,0
2399,3
2400,9
2401,9
2402,3
2403,5
2404,1
2405,7
2406,0
2407,1
2408,9
2409,5
2410,7
2411,9
2412,0
2413,1
2414,9
2415,0
2416,9
2417,8
2418,4
2419,2
2420,2
2421,5
2422,5
2423,0
2424,0
2425,5
2426,9
2427,4
2428,3
2429,4
2430,2
2431,5
2432,0
2433,0
2434,3
2435,3
2436,3
2437,5
2438,9
2439,0
2440,1
2441,1
2442,5
2443,9
2444,2
2445,2
2446,3
2447,3
2448,4
2449,4
2450,1
2451,0
2452,8
2453,3
2454,5
2455,5
2456,6
2457,9
2458,1
2459,9
2460,8
2461,7
2462,0
2463,3
2464,3
2465,8
2466,1
2467,0
2468,3
2469,3
2470,9
2471,7
2472,3
2473,1
2474,9
2475,6
2476,3
2477,3
2478,4
2479,0
2480,2
2481,1
2482,3
2483,9
2484,5
2485,1
2486,7
2487,9
2488,7
2489,9
2490,6
2491,1
2492,5
2493,6
2494,6
2495,9
2496,0
2497,4
2498,2
2499,2
2500,4
2501,3
2502,7
2503,6
2504,4
2505,1
2506,4
2507,2
2508,4
2509,1
2510,0
2511,2
2512,2
2513,1
2514,0
2515,2
2516,7
2517,2
2518,6
2519,9
2520,2
2521,0
2522,2
2523,0
2524,0
2525,5
2526,0
2527,3
2528,9
2529,0
2530,6
2531,6
2532,4
2533,1
2534,5
2535,9
2536,2
2537,4
2538,2
2539,9
2540,1
2541,1
2542,3
2543,0
2544,1
2545,1
2546,5
2547,0
2548,2
2549,4
2550,7
2551,3
2552,6
2553,8
2554,7
2555,8
2556,8
2557,7
2558,2
2559,6
2560,9
2561,4
2562,5
2563,7
2564,1
2565,3
2566,6
2567,0
2568,9
2569,9
2570,4
2571,6
2572,8
2573,6
2574,4
2575,1
2576,0
2577,3
2578,3
2579,0
2580,1
2581,8
2582,9
2583,8
2584,5
2585,2
2586,7
2587,3
2588,4
2589,6
2590,2
2591,9
2592,3
2593,0
2594,7
2595,4
2596,8
2597,8
2598,2
2599,4
2600,0
2601,2
2602,9
2603,8
2604,3
2605,9
2606,9
2607,0
2608,1
2609,6
2610,7
2611,7
2612,6
2613,4
2614,6
2615,8
2616,7
2617,6
2618,1
2619,3
2620,3
2621,5
2622,2
2623,1
2624,6
2625,4
2626,1
2627,9
2628,9
2629,6
2630,4
2631,6
2632,4
2633,5
2634,9
2635,4
2636,9
2637,9
2638,3
2639,2
2640,5
2641,1
2642,6
2643,2
2644,2
2645,7
2646,2
2647,3
2648,4
2649,7
2650,4
2651,1
2652,0
2653,1
2654,9
2655,0
2656,7
2657,4
2658,9
2659,0
2660,9
2661,7
2662,4
2663,0
2664,9
2665,6
2666,7
2667,4
2668,9
2669,7
2670,0
2671,2
2672,8
2673,6
2674,2
2675,4
2676,2
2677,4
2678,5
2679,2
2680,6
2681,6
2682,8
2683,8
2684,6
2685,7
2686,4
2687,1
2688,4
2689,8
2690,3
2691,2
2692,5
2693,4
2694,0
2695,9
2696,0
2697,1
2698,4
2699,9
2700,7
2701,7
2702,3
2703,9
2704,5
2705,3
2706,1
2707,9
2708,2
2709,6
2710,7
2711,9
2712,1
2713,0
2714,5
2715,1
2716,6
2717,8
2718,8
2719,6
2720,7
2721,3
2722,7
2723,2
2724,8
2725,5
2726,5
2727,0
2728,8
2729,1
2730,5
2731,6
2732,7
2733,9
2734,9
2735,1
2736,6
2737,9
2738,8
2739,5
2740,3
2741,7
2742,7
2743,8
2744,7
2745,4
2746,7
2747,0
2748,4
2749,0
2750,5
2751,4
2752,3
2753,1
2754,9
2755,6
2756,3
2757,0
2758,0
2759,2
2760,8
2761,9
2762,9
2763,1
2764,1
2765,8
2766,1
2767,3
2768,2
2769,3
2770,1
2771,0
2772,3
2773,8
2774,5
2775,0
2776,7
2777,2
2778,0
2779,6
2780,1
2781,8
2782,1
2783,1
2784,8
2785,2
2786,2
2787,6
2788,1
2789,7
2790,9
2791,7
2792,6
2793,7
2794,5
2795,1
2796,9
2797,6
2798,3
2799,7
2800,6
2801,4
2802,4
2803,4
2804,0
2805,8
2806,2
2807,0
2808,8
2809,6
2810,4
2811,8
2812,1
2813,9
2814,2
2815,9
2816,5
2817,1
2818,5
2819,1
2820,1
2821,4
2822,7
2823,0
2824,1
2825,2
2826,4
2827,6
2828,1
2829,4
2830,2
2831,9
2832,2
2833,7
2834,2
2835,6
2836,6
2837,5
2838,5
2839,5
2840,8
2841,9
2842,6
2843,1
2844,1
2845,6
2846,1
2847,2
2848,1
2849,9
2850,4
2851,7
2852,4
2853,7
2854,1
2855,0
2856,6
2857,4
2858,6
2859,5
2860,3
2861,3
2862,4
2863,0
2864,1
2865,1
2866,6
2867,0
2868,5
2869,1
2870,2
2871,7
2872,6
2873,4
2874,3
2875,9
2876,0
2877,4
2878,0
2879,3
2880,1
2881,4
2882,9
2883,2
2884,1
2885,7
2886,0
2887,9
2888,6
2889,8
2890,5
2891,8
2892,6
2893,0
2894,8
2895,7
2896,9
2897,9
2898,3
2899,1
2900,3
2901,2
2902,3
2903,1
2904,1
2905,2
2906,0
2907,0
2908,7
2909,2
2910,8
2911,1
2912,6
2913,0
2914,6
2915,7
2916,4
2917,3
2918,6
2919,7
2920,2
2921,2
2922,8
2923,9
2924,9
2925,4
2926,2
2927,7
2928,7
2929,3
2930,5
2931,1
2932,7
2933,7
2934,3
2935,7
2936,8
2937,4
2938,2
2939,5
2940,6
2941,1
2942,9
2943,7
2944,7
2945,7
2946,8
2947,9
2948,9
2949,7
2950,8
2951,9
2952,5
2953,7
2954,9
2955,5
2956,0
2957,7
2958,6
2959,1
2960,6
2961,5
2962,2
2963,7
2964,2
2965,5
2966,6
2967,9
2968,5
2969,8
2970,2
2971,2
2972,2
2973,9
2974,7
2975,9
2976,5
2977,1
2978,1
2979,1
2980,4
2981,5
2982,6
2983,1
2984,7
2985,0
2986,7
2987,9
2988,2
2989,7
2990,2
2991,3
2992,1
2993,5
2994,7
2995,1
2996,5
2997,1
2998,6
2999,0
3000,2
3001,6
3002,9
3003,9
3004,7
3005,9
3006,8
3007,7
3008,7
3009,7
3010,5
3011,6
3012,2
3013,9
3014,8
3015,8
3016,4
3017,7
3018,3
3019,1
3020,3
3021,4
3022,8
3023,2
3024,0
3025,2
3026,6
3027,3
3028,1
3029,0
3030,9
3031,9
3032,1
3033,6
3034,8
3035,8
3036,6
3037,6
3038,2
3039,2
3040,6
3041,1
3042,6
3043,6
3044,2
3045,0
3046,6
3047,0
3048,8
3049,2
3050,2
3051,8
3052,6
3053,4
3054,8
3055,5
3056,0
3057,4
3058,0
3059,0
3060,9
3061,7
3062,9
3063,2
3064,9
3065,2
3066,8
3067,5
3068,3
3069,5
3070,8
3071,7
3072,9
3073,5
3074,7
3075,3
3076,0
3077,2
3078,8
3079,0
3080,5
3081,9
3082,5
3083,9
3084,9
3085,3
3086,9
3087,2
3088,2
3089,3
3090,3
3091,7
3092,4
3093,5
3094,8
3095,5
3096,8
3097,6
3098,3
3099,3
3100,1
3101,2
3102,6
3103,8
3104,5
3105,5
3106,2
3107,7
3108,4
3109,1
3110,9
3111,3
3112,6
3113,8
3114,8
3115,2
3116,5
3117,8
3118,3
3119,9
3120,1
3121,6
3122,9
3123,6
3124,7
3125,5
3126,8
3127,1
3128,6
3129,8
3130,6
3131,7
3132,5
3133,1
3134,2
3135,8
3136,9
3137,3
3138,8
3139,8
3140,3
3141,9
3142,4
3143,8
3144,7
3145,6
3146,9
3147,5
3148,3
3149,0
3150,9
3151,9
3152,6
3153,8
3154,7
3155,9
3156,1
3157,2
3158,3
3159,2
3160,1
3161,5
3162,2
3163,3
3164,4
3165,4
3166,4
3167,3
3168,0
3169,0
3170,3
3171,1
3172,3
3173,1
3174,1
3175,1
3176,5
3177,6
3178,2
3179,7
3180,6
3181,0
3182,4
3183,4
3184,7
3185,0
3186,7
3187,0
3188,8
3189,7
3190,1
3191,3
3192,7
3193,8
3194,9
3195,0
3196,9
3197,0
3198,0
3199,1
3200,8
3201,8
3202,7
3203,4
3204,8
3205,3
3206,5
3207,9
3208,0
3209,3
3210,6
3211,3
3212,6
3213,5
3214,0
3215,4
3216,2
3217,6
3218,9
3219,3
3220,0
3221,9
3222,4
3223,5
3224,7
3225,7
3226,4
3227,2
3228,3
3229,9
3230,2
3231,8
3232,8
3233,0
3234,1
3235,9
3236,4
3237,2
3238,2
3239,1
3240,8
3241,2
3242,7
3243,3
3244,5
3245,1
3246,3
3247,0
3248,2
3249,2
3250,1
3251,7
3252,9
3253,1
3254,8
3255,7
3256,7
3257,6
3258,9
3259,7
3260,1
3261,8
3262,9
3263,9
3264,2
3265,0
3266,6
3267,1
3268,5
3269,2
3270,0
3271,9
3272,2
3273,5
3274,5
3275,3
3276,4
3277,0
3278,4
3279,0
3280,4
3281,4
3282,0
3283,4
3284,3
3285,7
3286,8
3287,0
3288,4
3289,0
3290,2
3291,4
3292,8
3293,2
3294,1
3295,5
3296,2
3297,5
3298,8
3299,5
3300,6
3301,1
3302,4
3303,8
3304,6
3305,2
3306,1
3307,3
3308,9
3309,8
3310,3
3311,7
3312,8
3313,7
3314,8
3315,2
3316,1
3317,5
3318,6
3319,4
3320,7
3321,5
3322,5
3323,4
3324,0
3325,8
3326,1
3327,6
3328,0
3329,3
3330,3
3331,7
3332,8
3333,8
3334,4
3335,3
3336,4
3337,3
3338,2
3339,1
3340,7
3341,0
3342,9
3343,4
3344,2
3345,8
3346,6
3347,8
3348,5
3349,2
3350,8
3351,4
3352,8
3353,1
3354,4
3355,3
3356,7
3357,1
3358,2
3359,1
3360,5
3361,3
3362,4
3363,7
3364,2
3365,4
3366,7
3367,6
3368,3
3369,1
3370,2
3371,8
3372,6
3373,8
3374,7
3375,6
3376,2
3377,0
3378,1
3379,8
3380,0
3381,6
3382,3
3383,9
3384,7
3385,3
3386,1
3387,9
3388,4
3389,6
3390,9
3391,7
3392,1
3393,7
3394,8
3395,1
3396,3
3397,5
3398,1
3399,2
3400,7
3401,6
3402,6
3403,5
3404,0
3405,4
3406,5
3407,9
3408,6
3409,3
3410,9
3411,1
3412,2
3413,4
3414,1
3415,3
3416,4
3417,0
3418,1
3419,8
3420,0
3421,2
3422,9
3423,2
3424,7
3425,7
3426,9
3427,1
3428,4
3429,7
3430,3
3431,3
3432,9
3433,9
3434,1
3435,3
3436,7
3437,8
3438,4
3439,9
3440,7
3441,9
3442,7
3443,1
3444,5
3445,4
3446,0
3447,0
3448,0
3449,5
3450,5
3451,8
3452,3
3453,0
3454,4
3455,1
3456,2
3457,8
3458,1
3459,0
3460,8
3461,8
3462,3
3463,4
3464,6
3465,9
3466,3
3467,2
3468,7
3469,2
3470,6
3471,8
3472,1
3473,0
3474,1
3475,8
3476,1
3477,3
3478,7
3479,4
3480,9
3481,9
3482,3
3483,5
3484,0
3485,3
3486,6
3487,4
3488,8
3489,6
3490,1
3491,5
3492,9
3493,6
3494,6
3495,6
3496,1
3497,9
3498,0
3499,3
3500,9
3501,8
3502,4
3503,6
3504,3
3505,6
3506,8
3507,9
3508,9
3509,5
3510,1
3511,8
3512,0
3513,2
3514,0
3515,8
3516,9
3517,5
3518,2
3519,0
3520,1
3521,1
3522,7
3523,2
3524,8
3525,1
3526,8
3527,8
3528,7
3529,7
3530,5
3531,6
3532,7
3533,9
3534,5
3535,7
3536,4
3537,6
3538,4
3539,9
3540,6
3541,0
3542,0
3543,4
3544,3
3545,5
3546,7
3547,1
3548,7
3549,1
3550,9
3551,2
3552,1
3553,3
3554,1
3555,9
3556,1
3557,8
3558,5
3559,8
3560,7
3561,9
3562,3
3563,2
3564,3
3565,6
3566,1
3567,7
3568,5
3569,2
3570,2
3571,6
3572,3
3573,7
3574,0
3575,5
3576,6
3577,7
3578,9
3579,6
3580,8
3581,6
3582,0
3583,9
3584,5
3585,9
3586,4
3587,1
3588,9
3589,5
3590,0
3591,7
3592,6
3593,2
3594,5
3595,5
3596,6
3597,6
3598,0
3599,4
3600,3
3601,8
3602,4
3603,3
3604,5
3605,0
3606,2
3607,6
3608,5
3609,0
3610,2
3611,6
3612,0
3613,6
3614,0
3615,5
3616,3
3617,6
3618,1
3619,9
3620,3
3621,8
3622,4
3623,3
3624,3
3625,2
3626,5
3627,4
3628,4
3629,0
3630,6
3631,1
3632,2
3633,0
3634,3
3635,5
3636,5
3637,0
3638,4
3639,1
3640,1
3641,3
3642,3
3643,9
3644,3
3645,3
3646,6
3647,4
3648,9
3649,0
3650,6
3651,9
3652,7
3653,9
3654,8
3655,5
3656,7
3657,9
3658,1
3659,4
3660,6
3661,8
3662,6
3663,8
3664,4
3665,9
3666,7
3667,1
3668,6
3669,8
3670,6
3671,7
3672,9
3673,4
3674,2
3675,0
3676,9
3677,9
3678,9
3679,1
3680,6
3681,6
3682,8
3683,0
3684,6
3685,3
3686,7
3687,7
3688,6
3689,7
3690,0
3691,1
3692,6
3693,5
3694,4
3695,5
3696,6
3697,2
3698,5
3699,3
3700,9
3701,5
3702,1
3703,3
3704,9
3705,6
3706,9
3707,7
3708,0
3709,6
3710,2
3711,7
3712,6
3713,0
3714,0
3715,3
3716,8
3717,1
3718,2
3719,9
3720,3
3721,0
3722,8
3723,1
3724,2
3725,9
3726,8
3727,6
3728,5
3729,1
3730,3
3731,6
3732,7
3733,1
3734,5
3735,1
3736,8
3737,1
3738,7
3739,3
3740,7
3741,9
3742,5
3743,2
3744,4
3745,9
3746,6
3747,8
3748,6
3749,6
3750,0
3751,8
3752,1
3753,7
3754,7
3755,1
3756,9
3757,0
3758,1
3759,4
3760,9
3761,1
3762,7
3763,3
3764,1
3765,6
3766,2
3767,2
3768,7
3769,2
3770,4
3771,1
3772,5
3773,6
3774,1
3775,3
3776,3
3777,2
3778,2
3779,9
3780,1
3781,7
3782,4
3783,8
3784,5
3785,5
3786,6
3787,3
3788,8
3789,1
3790,3
3791,9
3792,5
3793,6
3794,7
3795,5
3796,3
3797,3
3798,7
3799,7
3800,1
3801,8
3802,0
3803,6
3804,8
3805,9
3806,3
3807,3
3808,6
3809,8
3810,2
3811,0
3812,1
3813,0
3814,1
3815,1
3816,3
3817,2
3818,2
3819,9
3820,0
3821,3
3822,8
3823,8
3824,0
3825,5
3826,9
3827,8
3828,3
3829,3
3830,1
3831,3
3832,6
3833,5
3834,2
3835,7
3836,7
3837,9
3838,8
3839,5
3840,7
3841,1
3842,7
3843,4
3844,3
3845,7
3846,4
3847,4
3848,3
3849,2
3850,0
3851,0
3852,0
3853,3
3854,1
3855,1
3856,4
3857,3
3858,4
3859,2
3860,2
3861,2
3862,8
3863,4
3864,7
3865,4
3866,9
3867,4
3868,9
3869,1
3870,0
3871,7
3872,1
3873,2
3874,1
3875,6
3876,2
3877,4
3878,0
3879,4
3880,6
3881,0
3882,5
3883,1
3884,4
3885,1
3886,6
3887,2
3888,9
3889,7
3890,3
3891,4
3892,3
3893,9
3894,0
3895,1
3896,4
3897,8
3898,6
3899,2
3900,1
3901,1
3902,7
3903,3
3904,2
3905,9
3906,2
3907,2
3908,5
3909,2
3910,1
3911,0
3912,2
3913,5
3914,0
3915,0
3916,0
3917,4
3918,2
3919,7
3920,3
3921,0
3922,2
3923,1
3924,9
3925,0
3926,8
3927,5
3928,3
3929,8
3930,2
3931,2
3932,0
3933,2
3934,7
3935,0
3936,4
3937,0
3938,3
3939,0
3940,2
3941,2
3942,8
3943,0
3944,9
3945,2
3946,3
3947,0
3948,2
3949,4
3950,8
3951,7
3952,1
3953,4
3954,2
3955,2
3956,1
3957,6
3958,7
3959,6
3960,6
3961,3
3962,3
3963,6
3964,7
3965,3
3966,9
3967,1
3968,2
3969,8
3970,5
3971,0
3972,1
3973,0
3974,9
3975,7
3976,9
3977,0
3978,8
3979,5
3980,1
3981,4
3982,7
3983,6
3984,4
3985,8
3986,1
3987,2
3988,2
3989,6
3990,4
3991,2
3992,9
3993,8
3994,2
3995,6
3996,5
3997,8
3998,3
3999,1
4000,7
4001,4
4002,6
4003,0
4004,1
4005,3
4006,8
4007,1
4008,4
4009,0
4010,8
4011,6
4012,6
4013,1
4014,6
4015,2
4016,3
4017,9
4018,1
4019,5
4020,6
4021,6
4022,1
4023,4
4024,0
4025,3
4026,6
4027,0
4028,5
4029,6
4030,8
4031,9
4032,4
4033,7
4034,7
4035,7
4036,8
4037,8
4038,7
4039,5
4040,2
4041,7
4042,8
4043,1
4044,1
4045,9
4046,5
4047,4
4048,1
4049,0
4050,1
4051,3
4052,2
4053,3
4054,6
4055,3
4056,3
4057,8
4058,2
4059,7
4060,1
4061,7
4062,7
4063,0
4064,0
4065,3
4066,0
4067,0
4068,2
4069,0
4070,0
4071,7
4072,1
4073,7
4074,8
4075,6
4076,6
4077,7
4078,1
4079,6
4080,6
4081,2
4082,4
4083,9
4084,1
4085,3
4086,4
4087,0
4088,4
4089,9
4090,2
4091,8
4092,6
4093,2
4094,7
4095,4
4096,7
4097,5
4098,0
4099,3
4100,7
4101,5
4102,6
4103,6
4104,9
4105,0
4106,3
4107,5
4108,3
4109,8
4110,9
4111,8
4112,2
4113,2
4114,9
4115,7
4116,1
4117,7
4118,7
4119,2
4120,7
4121,3
4122,2
4123,2
4124,8
4125,4
4126,0
4127,2
4128,2
4129,8
4130,1
4131,1
4132,2
4133,2
4134,2
4135,3
4136,0
4137,1
4138,6
4139,3
4140,9
4141,4
4142,3
4143,9
4144,7
4145,9
4146,0
4147,7
4148,3
4149,5
4150,2
4151,3
4152,0
4153,1
4154,9
4155,9
4156,7
4157,9
4158,2
4159,7
4160,4
4161,7
4162,0
4163,6
4164,5
4165,1
4166,9
4167,5
4168,2
4169,7
4170,2
4171,2
4172,5
4173,6
4174,8
4175,5
4176,8
4177,2
4178,3
4179,3
4180,1
4181,4
4182,7
4183,3
4184,8
4185,4
4186,5
4187,7
4188,4
4189,1
4190,9
4191,0
4192,4
4193,8
4194,0
4195,6
4196,5
4197,6
4198,5
4199,2
4200,0
4201,3
4202,3
4203,1
4204,6
4205,1
4206,4
4207,1
4208,1
4209,1
4210,1
4211,3
4212,9
4213,1
4214,0
4215,4
4216,2
4217,9
4218,3
4219,5
4220,9
4221,5
4222,5
4223,2
4224,5
4225,0
4226,8
4227,0
4228,4
4229,2
4230,4
4231,3
4232,8
4233,7
4234,9
4235,4
4236,0
4237,1
4238,4
4239,9
4240,7
4241,4
4242,3
4243,2
4244,0
4245,8
4246,4
4247,1
4248,0
4249,9
4250,3
4251,2
4252,4
4253,6
4254,9
4255,0
4256,6
4257,1
4258,1
4259,7
4260,4
4261,7
4262,8
4263,7
4264,5
4265,7
4266,0
4267,1
4268,8
4269,4
4270,2
4271,5
4272,4
4273,8
4274,9
4275,1
4276,0
4277,2
4278,8
4279,7
4280,8
4281,4
4282,4
4283,7
4284,6
4285,9
4286,4
4287,1
4288,7
4289,8
4290,8
4291,3
4292,4
4293,2
4294,4
4295,1
4296,8
4297,7
4298,8
4299,7
4300,4
4301,9
4302,4
4303,7
4304,3
4305,6
4306,9
4307,1
4308,5
4309,1
4310,0
4311,1
4312,8
4313,1
4314,6
4315,4
4316,3
4317,3
4318,6
4319,5
4320,5
4321,8
4322,1
4323,9
4324,2
4325,3
4326,7
4327,9
4328,9
4329,2
4330,9
4331,8
4332,3
4333,4
4334,5
4335,1
4336,4
4337,9
4338,6
4339,1
4340,3
4341,5
4342,6
4343,9
4344,6
4345,5
4346,3
4347,5
4348,4
4349,5
4350,0
4351,2
4352,6
4353,8
4354,9
4355,9
4356,9
4357,6
4358,6
4359,7
4360,5
4361,8
4362,2
4363,0
4364,9
4365,5
4366,0
4367,1
4368,9
4369,7
4370,2
4371,3
4372,3
4373,0
4374,4
4375,3
4376,3
4377,1
4378,3
4379,9
4380,0
4381,3
4382,8
4383,4
4384,9
4385,4
4386,6
4387,8
4388,9
4389,6
4390,9
4391,0
4392,8
4393,6
4394,5
4395,0
4396,4
4397,8
4398,6
4399,0
4400,0
4401,9
4402,1
4403,4
4404,2
4405,5
4406,6
4407,3
4408,8
4409,8
4410,8
4411,8
4412,2
4413,4
4414,2
4415,7
4416,6
4417,4
4418,7
4419,8
4420,6
4421,9
4422,8
4423,6
4424,3
4425,5
4426,4
4427,3
4428,9
4429,9
4430,3
4431,0
4432,8
4433,2
4434,9
4435,1
4436,6
4437,9
4438,1
4439,0
4440,1
4441,8
4442,7
4443,6
4444,5
4445,5
4446,4
4447,1
4448,7
4449,3
4450,9
4451,1
4452,1
4453,2
4454,3
4455,9
4456,0
4457,7
4458,2
4459,2
4460,4
4461,1
4462,7
4463,7
4464,7
4465,8
4466,3
4467,5
4468,1
4469,6
4470,2
4471,1
4472,0
4473,8
4474,7
4475,2
4476,5
4477,1
4478,1
4479,8
4480,6
4481,9
4482,6
4483,6
4484,9
4485,8
4486,1
4487,7
4488,4
4489,4
4490,8
4491,6
4492,7
4493,8
4494,0
4495,7
4496,6
4497,1
4498,6
4499,8
4500,1
4501,3
4502,9
4503,0
4504,7
4505,5
4506,3
4507,2
4508,7
4509,0
4510,8
4511,1
4512,4
4513,0
4514,8
4515,7
4516,0
4517,6
4518,5
4519,1
4520,7
4521,0
4522,1
4523,6
4524,6
4525,1
4526,4
4527,8
4528,6
4529,8
4530,9
4531,5
4532,1
4533,0
4534,2
4535,2
4536,0
4537,7
4538,8
4539,3
4540,5
4541,1
4542,8
4543,3
4544,7
4545,6
4546,9
4547,8
4548,4
4549,9
4550,1
4551,0
4552,3
4553,3
4554,5
4555,9
4556,2
4557,7
4558,6
4559,3
4560,3
4561,8
4562,0
4563,0
4564,9
4565,7
4566,5
4567,5
4568,0
4569,3
4570,0
4571,7
4572,2
4573,1
4574,0
4575,7
4576,1
4577,5
4578,7
4579,0
4580,2
4581,5
4582,4
4583,2
4584,6
4585,1
4586,3
4587,1
4588,1
4589,3
4590,6
4591,6
4592,8
4593,4
4594,2
4595,3
4596,0
4597,1
4598,4
4599,4
4600,1
4601,8
4602,8
4603,4
4604,7
4605,6
4606,2
4607,5
4608,1
4609,9
4610,2
4611,5
4612,9
4613,1
4614,4
4615,3
4616,9
4617,4
4618,6
4619,9
4620,8
4621,5
4622,0
4623,8
4624,4
4625,7
4626,0
4627,0
4628,8
4629,0
4630,4
4631,7
4632,0
4633,2
4634,2
4635,7
4636,9
4637,6
4638,9
4639,5
4640,6
4641,1
4642,1
4643,1
4644,4
4645,8
4646,7
4647,9
4648,6
4649,2
4650,2
4651,2
4652,8
4653,5
4654,7
4655,1
4656,1
4657,1
4658,2
4659,9
4660,1
4661,8
4662,1
4663,3
4664,2
4665,1
4666,0
4667,6
4668,4
4669,7
4670,6
4671,5
4672,9
4673,1
4674,2
4675,8
4676,8
4677,4
4678,4
4679,3
4680,7
4681,1
4682,7
4683,9
4684,2
4685,8
4686,8
4687,6
4688,1
4689,3
4690,4
4691,5
4692,6
4693,8
4694,7
4695,0
4696,0
4697,1
4698,5
4699,4
4700,5
4701,5
4702,7
4703,3
4704,2
4705,0
4706,9
4707,9
4708,4
4709,9
4710,5
4711,0
4712,3
4713,6
4714,3
4715,3
4716,1
4717,7
4718,4
4719,0
4720,0
4721,2
4722,7
4723,7
4724,8
4725,8
4726,7
4727,4
4728,5
4729,0
4730,1
4731,9
4732,7
4733,4
4734,5
4735,0
4736,9
4737,8
4738,6
4739,3
4740,3
4741,1
4742,6
4743,8
4744,8
4745,0
4746,9
4747,9
4748,1
4749,1
4750,3
4751,7
4752,4
4753,0
4754,3
4755,0
4756,4
4757,9
4758,9
4759,9
4760,8
4761,0
4762,9
4763,0
4764,1
4765,6
4766,1
4767,2
4768,0
4769,2
4770,5
4771,7
4772,0
4773,6
4774,9
4775,8
4776,2
4777,2
4778,5
4779,3
4780,6
4781,4
4782,3
4783,2
4784,5
4785,9
4786,3
4787,5
4788,2
4789,9
4790,5
4791,4
4792,1
4793,7
4794,2
4795,5
4796,3
4797,9
4798,7
4799,2
4800,4
4801,0
4802,8
4803,7
4804,9
4805,7
4806,8
4807,4
4808,6
4809,6
4810,3
4811,2
4812,6
4813,7
4814,0
4815,6
4816,0
4817,2
4818,2
4819,3
4820,0
4821,0
4822,3
4823,3
4824,4
4825,1
4826,1
4827,4
4828,3
4829,3
4830,0
4831,0
4832,3
4833,2
4834,4
4835,1
4836,5
4837,9
4838,2
4839,4
4840,9
4841,5
4842,8
4843,7
4844,9
4845,9
4846,1
4847,8
4848,0
4849,0
4850,9
4851,0
4852,8
4853,2
4854,0
4855,9
4856,8
4857,6
4858,2
4859,3
4860,2
4861,0
4862,6
4863,3
4864,8
4865,1
4866,9
4867,2
4868,0
4869,4
4870,2
4871,8
4872,9
4873,4
4874,3
4875,6
4876,0
4877,2
4878,0
4879,4
4880,5
4881,3
4882,4
4883,1
4884,2
4885,2
4886,4
4887,9
4888,4
4889,3
4890,2
4891,1
4892,9
4893,1
4894,6
4895,1
4896,0
4897,3
4898,4
4899,0
4900,1
4901,9
4902,4
4903,0
4904,0
4905,4
4906,8
4907,1
4908,9
4909,2
4910,3
4911,3
4912,4
4913,3
4914,7
4915,0
4916,7
4917,9
4918,7
4919,4
4920,5
4921,9
4922,7
4923,7
4924,0
4925,4
4926,2
4927,2
4928,9
4929,8
4930,5
4931,0
4932,4
4933,9
4934,8
4935,8
4936,2
4937,4
4938,1
4939,4
4940,1
4941,4
4942,1
4943,0
4944,9
4945,9
4946,5
4947,6
4948,4
4949,9
4950,2
4951,2
4952,6
4953,0
4954,3
4955,0
4956,2
4957,3
4958,0
4959,4
4960,0
4961,1
4962,0
4963,8
4964,4
4965,9
4966,3
4967,7
4968,1
4969,4
4970,1
4971,7
4972,6
4973,0
4974,7
4975,7
4976,1
4977,5
4978,0
4979,3
4980,6
4981,0
4982,2
4983,8
4984,8
4985,8
4986,5
4987,7
4988,7
4989,2
4990,9
4991,6
4992,7
4993,8
4994,8
4995,8
4996,7
4997,3
4998,1
4999,7
5000,3
5001,1
5002,8
5003,0
5004,1
5005,0
5006,4
5007,3
5008,7
5009,2
5010,9
5011,7
5012,9
5013,3
5014,6
5015,2
5016,3
5017,4
5018,1
5019,3
5020,0
5021,9
5022,9
5023,2
5024,6
5025,4
5026,0
5027,0
5028,7
5029,5
5030,1
5031,8
5032,3
5033,8
5034,1
5035,6
5036,5
5037,8
5038,9
5039,2
5040,2
5041,0
5042,7
5043,1
5044,6
5045,7
5046,1
5047,6
5048,8
5049,4
5050,3
5051,5
5052,9
5053,1
5054,3
5055,5
5056,3
5057,1
5058,9
5059,2
5060,5
5061,8
5062,6
5063,3
5064,6
5065,0
5066,9
5067,2
5068,5
5069,1
5070,3
5071,7
5072,4
5073,4
5074,4
5075,2
5076,0
5077,6
5078,3
5079,1
5080,0
5081,4
5082,3
5083,6
5084,1
5085,7
5086,6
5087,2
5088,7
5089,1
5090,7
5091,0
5092,6
5093,9
5094,6
5095,5
5096,1
5097,3
5098,6
5099,8
5100,1
5101,9
5102,8
5103,6
5104,6
5105,9
5106,3
5107,6
5108,8
5109,2
5110,4
5111,0
5112,6
5113,1
5114,8
5115,5
5116,1
5117,4
5118,0
5119,9
5120,9
5121,9
5122,4
5123,8
5124,4
5125,1
5126,6
5127,4
5128,9
5129,1
5130,8
5131,9
5132,2
5133,3
5134,4
5135,6
5136,1
5137,0
5138,1
5139,6
5140,7
5141,9
5142,0
5143,0
5144,8
5145,1
5146,4
5147,2
5148,5
5149,2
5150,8
5151,4
5152,6
5153,9
5154,7
5155,1
5156,1
5157,3
5158,5
5159,4
5160,9
5161,3
5162,3
5163,5
5164,3
5165,0
5166,0
5167,5
5168,9
5169,2
5170,5
5171,3
5172,7
5173,6
5174,5
5175,9
5176,6
5177,5
5178,0
5179,2
5180,1
5181,3
5182,8
5183,5
5184,7
5185,7
5186,0
5187,7
5188,7
5189,1
5190,5
5191,6
5192,7
5193,0
5194,4
5195,3
5196,0
5197,0
5198,0
5199,0
5200,7
5201,6
5202,8
5203,8
5204,6
5205,7
5206,1
5207,3
5208,1
5209,0
5210,2
5211,3
5212,5
5213,1
5214,8
5215,6
5216,1
5217,7
5218,6
5219,3
5220,6
5221,6
5222,8
5223,3
5224,8
5225,5
5226,1
5227,5
5228,2
5229,6
5230,5
5231,1
5232,5
5233,8
5234,3
5235,5
5236,5
5237,3
5238,2
5239,3
5240,8
5241,5
5242,8
5243,6
5244,7
5245,0
5246,3
5247,8
5248,8
5249,4
5250,2
5251,6
5252,4
5253,5
5254,8
5255,3
5256,0
5257,5
5258,1
5259,1
5260,3
5261,0
5262,9
5263,6
5264,7
5265,8
5266,2
5267,5
5268,3
5269,6
5270,2
5271,0
5272,6
5273,5
5274,1
5275,2
5276,9
5277,7
5278,0
5279,2
5280,5
5281,5
5282,6
5283,1
5284,4
5285,1
5286,3
5287,1
5288,5
5289,5
5290,0
5291,1
5292,9
5293,3
5294,9
5295,5
5296,0
5297,7
5298,9
5299,8
5300,3
5301,0
5302,1
5303,3
5304,5
5305,8
5306,1
5307,9
5308,5
5309,7
5310,0
5311,9
5312,6
5313,4
5314,8
5315,3
5316,0
5317,6
5318,0
5319,4
5320,5
5321,8
5322,2
5323,1
5324,5
5325,4
5326,0
5327,1
5328,4
5329,1
5330,7
5331,3
5332,9
5333,2
5334,9
5335,1
5336,2
5337,1
5338,7
5339,6
5340,6
5341,1
5342,5
5343,9
5344,8
5345,9
5346,0
5347,2
5348,3
5349,1
5350,7
5351,0
5352,1
5353,5
5354,2
5355,7
5356,3
5357,2
5358,5
5359,9
5360,2
5361,4
5362,0
5363,5
5364,1
5365,5
5366,9
5367,1
5368,0
5369,9
5370,4
5371,5
5372,4
5373,8
5374,7
5375,1
5376,3
5377,3
5378,2
5379,4
5380,1
5381,1
5382,8
5383,0
5384,3
5385,2
5386,8
5387,9
5388,0
5389,9
5390,7
5391,0
5392,9
5393,9
5394,2
5395,7
5396,6
5397,1
5398,7
5399,1
5400,6
5401,0
5402,2
5403,9
5404,9
5405,9
5406,7
5407,8
5408,2
5409,4
5410,0
5411,9
5412,3
5413,8
5414,9
5415,4
5416,2
5417,0
5418,3
5419,3
5420,0
5421,3
5422,9
5423,4
5424,8
5425,5
5426,5
5427,6
5428,9
5429,6
5430,8
5431,4
5432,7
5433,6
5434,7
5435,4
5436,9
5437,4
5438,2
5439,1
5440,0
5441,8
5442,1
5443,3
5444,6
5445,0
5446,1
5447,9
5448,9
5449,6
5450,5
5451,5
5452,0
5453,7
5454,1
5455,3
5456,6
5457,7
5458,3
5459,3
5460,4
5461,8
5462,4
5463,7
5464,9
5465,1
5466,2
5467,9
5468,5
5469,7
5470,4
5471,3
5472,9
5473,3
5474,9
5475,5
5476,0
5477,7
5478,9
5479,2
5480,2
5481,1
5482,8
5483,3
5484,2
5485,7
5486,8
5487,7
5488,1
5489,2
5490,8
5491,7
5492,4
5493,8
5494,0
5495,9
5496,4
5497,0
5498,0
5499,3
5500,3
5501,4
5502,2
5503,0
5504,7
5505,6
5506,3
5507,2
5508,7
5509,4
5510,1
5511,2
5512,7
5513,4
5514,4
5515,2
5516,3
5517,2
5518,5
5519,8
5520,0
5521,8
5522,7
5523,9
5524,7
5525,1
5526,3
5527,5
5528,4
5529,2
5530,4
5531,7
5532,9
5533,9
5534,6
5535,4
5536,5
5537,4
5538,9
5539,1
5540,9
5541,6
5542,5
5543,6
5544,2
5545,8
5546,6
5547,8
5548,8
5549,8
5550,9
5551,6
5552,8
5553,8
5554,6
5555,4
5556,0
5557,2
5558,7
5559,1
5560,3
5561,8
5562,4
5563,8
5564,7
5565,7
5566,7
5567,8
5568,0
5569,7
5570,9
5571,5
5572,0
5573,3
5574,7
5575,4
5576,6
5577,4
5578,7
5579,2
5580,9
5581,6
5582,4
5583,0
5584,4
5585,6
5586,8
5587,8
5588,4
5589,9
5590,4
5591,4
5592,3
5593,6
5594,9
5595,6
5596,4
5597,1
5598,8
5599,5
5600,7
5601,8
5602,5
5603,2
5604,8
5605,8
5606,7
5607,0
5608,5
5609,0
5610,7
5611,2
5612,5
5613,4
5614,7
5615,8
5616,1
5617,5
5618,5
5619,3
5620,5
5621,2
5622,5
5623,0
5624,5
5625,6
5626,4
5627,7
5628,4
5629,1
5630,1
5631,9
5632,1
5633,9
5634,9
5635,4
5636,8
5637,4
5638,3
5639,7
5640,6
5641,2
5642,0
5643,1
5644,8
5645,9
5646,6
5647,7
5648,4
5649,5
5650,7
5651,5
5652,3
5653,1
5654,6
5655,0
5656,3
5657,2
5658,4
5659,5
5660,1
5661,8
5662,1
5663,1
5664,8
5665,5
5666,8
5667,5
5668,8
5669,5
5670,2
5671,7
5672,0
5673,1
5674,5
5675,1
5676,9
5677,0
5678,9
5679,9
5680,2
5681,0
5682,7
5683,3
5684,1
5685,3
5686,4
5687,7
5688,8
5689,0
5690,1
5691,2
5692,9
5693,3
5694,1
5695,6
5696,2
5697,0
5698,5
5699,0
5700,1
5701,6
5702,1
5703,9
5704,7
5705,7
5706,8
5707,6
5708,8
5709,4
5710,0
5711,7
5712,1
5713,0
5714,1
5715,3
5716,4
5717,9
5718,0
5719,9
5720,4
5721,5
5722,1
5723,6
5724,9
5725,4
5726,6
5727,6
5728,6
5729,1
5730,1
5731,3
5732,5
5733,8
5734,2
5735,4
5736,8
5737,8
5738,9
5739,8
5740,1
5741,1
5742,1
5743,8
5744,5
5745,5
5746,6
5747,5
5748,6
5749,2
5750,8
5751,7
5752,9
5753,8
5754,1
5755,9
5756,9
5757,0
5758,6
5759,6
5760,2
5761,3
5762,8
5763,3
5764,0
5765,0
5766,5
5767,0
5768,9
5769,2
5770,1
5771,3
5772,3
5773,3
5774,8
5775,8
5776,9
5777,9
5778,9
5779,5
5780,6
5781,7
5782,1
5783,7
5784,2
5785,7
5786,1
5787,6
5788,3
5789,5
5790,0
5791,7
5792,7
5793,6
5794,5
5795,1
5796,8
5797,1
5798,3
5799,4
5800,5
5801,8
5802,2
5803,4
5804,2
5805,8
5806,0
5807,4
5808,5
5809,1
5810,9
5811,7
5812,4
5813,2
5814,8
5815,8
5816,5
5817,8
5818,6
5819,8
5820,7
5821,4
5822,9
5823,7
5824,4
5825,4
5826,2
5827,6
5828,9
5829,1
5830,9
5831,9
5832,0
5833,6
5834,8
5835,3
5836,3
5837,6
5838,4
5839,6
5840,6
5841,8
5842,1
5843,7
5844,4
5845,3
5846,7
5847,2
5848,8
5849,5
5850,1
5851,2
5852,6
5853,8
5854,0
5855,0
5856,1
5857,7
5858,8
5859,4
5860,9
5861,6
5862,0
5863,7
5864,3
5865,9
5866,9
5867,2
5868,7
5869,4
5870,2
5871,0
5872,5
5873,2
5874,6
5875,4
5876,1
5877,7
5878,3
5879,0
5880,4
5881,8
5882,1
5883,6
5884,1
5885,4
5886,7
5887,2
5888,1
5889,0
5890,3
5891,3
5892,9
5893,0
5894,9
5895,6
5896,6
5897,0
5898,2
5899,3
5900,3
5901,0
5902,5
5903,8
5904,8
5905,5
5906,3
5907,5
5908,0
5909,8
5910,0
5911,7
5912,3
5913,3
5914,2
5915,5
5916,1
5917,1
5918,6
5919,5
5920,4
5921,7
5922,2
5923,2
5924,9
5925,0
5926,8
5927,8
5928,0
5929,5
5930,0
5931,8
5932,0
5933,4
5934,1
5935,6
5936,7
5937,7
5938,8
5939,5
5940,0
5941,2
5942,6
5943,4
5944,6
5945,8
5946,9
5947,6
5948,6
5949,4
5950,9
5951,4
5952,3
5953,7
5954,6
5955,3
5956,1
5957,7
5958,6
5959,1
5960,4
5961,9
5962,0
5963,6
5964,6
5965,3
5966,2
5967,0
5968,8
5969,4
5970,3
5971,8
5972,8
5973,1
5974,3
5975,3
5976,0
5977,6
5978,6
5979,8
5980,6
5981,2
5982,3
5983,3
5984,4
5985,2
5986,0
5987,6
5988,0
5989,2
5990,1
5991,9
5992,6
5993,6
5994,1
5995,7
5996,7
5997,0
5998,2
5999,9
6000,4
6001,1
6002,5
6003,0
6004,7
6005,5
6006,8
6007,5
6008,6
6009,1
6010,7
6011,0
6012,6
6013,6
6014,5
6015,9
6016,3
6017,6
6018,4
6019,2
6020,1
6021,1
6022,7
6023,8
6024,5
6025,9
6026,3
6027,3
6028,7
6029,6
6030,1
6031,5
6032,2
6033,1
6034,2
6035,5
6036,7
6037,0
6038,5
6039,2
6040,6
6041,6
6042,9
6043,1
6044,0
6045,5
6046,5
6047,2
6048,4
6049,6
6050,3
6051,0
6052,9
6053,4
6054,9
6055,4
6056,7
6057,0
6058,0
6059,4
6060,0
6061,9
6062,2
6063,7
6064,1
6065,1
6066,2
6067,1
6068,1
6069,6
6070,3
6071,3
6072,5
6073,8
6074,1
6075,8
6076,2
6077,0
6078,3
6079,8
6080,4
6081,1
6082,6
6083,8
6084,5
6085,8
6086,4
6087,3
6088,5
6089,8
6090,6
6091,7
6092,1
6093,6
6094,1
6095,9
6096,8
6097,4
6098,3
6099,9
6100,3
6101,1
6102,7
6103,8
6104,8
6105,3
6106,1
6107,7
6108,8
6109,6
6110,5
6111,4
6112,6
6113,0
6114,9
6115,3
6116,0
6117,0
6118,0
6119,2
6120,6
6121,7
6122,5
6123,1
6124,0
6125,0
6126,0
6127,9
6128,3
6129,8
6130,0
6131,4
6132,5
6133,9
6134,4
6135,2
6136,3
6137,2
6138,7
6139,2
6140,0
6141,2
6142,6
6143,2
6144,2
6145,8
6146,8
6147,8
6148,5
6149,7
6150,2
6151,2
6152,6
6153,2
6154,0
6155,2
6156,2
6157,1
6158,4
6159,3
6160,4
6161,1
6162,9
6163,7
6164,0
6165,5
6166,6
6167,5
6168,1
6169,8
6170,2
6171,5
6172,3
6173,9
6174,0
6175,6
6176,6
6177,9
6178,2
6179,1
6180,0
6181,4
6182,8
6183,4
6184,5
6185,7
6186,9
6187,2
6188,2
6189,2
6190,1
6191,1
6192,4
6193,4
6194,7
6195,8
6196,6
6197,8
6198,6
6199,5
6200,5
6201,8
6202,1
6203,8
6204,2
6205,9
6206,1
6207,9
6208,7
6209,2
6210,4
6211,4
6212,4
6213,4
6214,9
6215,3
6216,5
6217,5
6218,5
6219,5
6220,5
6221,2
6222,7
6223,0
6224,0
6225,1
6226,3
6227,5
6228,3
6229,0
6230,0
6231,0
6232,3
6233,1
6234,4
6235,0
6236,2
6237,6
6238,9
6239,7
6240,6
6241,9
6242,6
6243,6
6244,2
6245,5
6246,2
6247,2
6248,4
6249,1
6250,9
6251,2
6252,7
6253,2
6254,5
6255,9
6256,4
6257,6
6258,2
6259,7
6260,6
6261,8
6262,9
6263,1
6264,8
6265,8
6266,0
6267,2
6268,4
6269,9
6270,8
6271,1
6272,7
6273,1
6274,9
6275,9
6276,2
6277,1
6278,5
6279,5
6280,2
6281,7
6282,6
6283,3
6284,0
6285,5
6286,0
6287,6
6288,6
6289,3
6290,0
6291,0
6292,3
6293,6
6294,8
6295,8
6296,0
6297,8
6298,6
6299,4
6300,5
6301,8
6302,1
6303,5
6304,0
6305,6
6306,6
6307,9
6308,5
6309,1
6310,6
6311,4
6312,3
6313,0
6314,7
6315,2
6316,5
6317,5
6318,8
6319,7
6320,5
6321,6
6322,9
6323,0
6324,1
6325,9
6326,2
6327,9
6328,1
6329,2
6330,4
6331,8
6332,7
6333,6
6334,2
6335,8
6336,0
6337,4
6338,1
6339,8
6340,2
6341,1
6342,3
6343,4
6344,1
6345,7
6346,7
6347,2
6348,9
6349,3
6350,8
6351,6
6352,3
6353,2
6354,2
6355,6
6356,3
6357,5
6358,7
6359,1
6360,1
6361,1
6362,7
6363,7
6364,8
6365,2
6366,9
6367,7
6368,3
6369,1
6370,5
6371,6
6372,4
6373,4
6374,4
6375,1
6376,9
6377,0
6378,8
6379,4
6380,7
6381,4
6382,6
6383,2
6384,3
6385,8
6386,6
6387,7
6388,4
6389,2
6390,5
6391,9
6392,0
6393,0
6394,0
6395,8
6396,6
6397,5
6398,2
6399,3
6400,0
6401,4
6402,2
6403,5
6404,4
6405,8
6406,6
6407,7
6408,6
6409,1
6410,4
6411,0
6412,1
6413,6
6414,1
6415,4
6416,4
6417,6
6418,1
6419,1
6420,4
6421,4
6422,5
6423,7
6424,5
6425,4
6426,2
6427,5
6428,1
6429,0
6430,6
6431,7
6432,1
6433,1
6434,4
6435,4
6436,0
6437,5
6438,6
6439,0
6440,8
6441,2
6442,7
6443,4
6444,9
6445,9
6446,0
6447,2
6448,2
6449,5
6450,3
6451,0
6452,3
6453,1
6454,0
6455,1
6456,1
6457,2
6458,8
6459,8
6460,6
6461,8
6462,6
6463,2
6464,0
6465,2
6466,9
6467,7
6468,3
6469,3
6470,8
6471,5
6472,0
6473,6
6474,6
6475,5
6476,8
6477,3
6478,2
6479,7
6480,3
6481,5
6482,7
6483,7
6484,5
6485,8
6486,1
6487,1
6488,6
6489,0
6490,5
6491,7
6492,5
6493,9
6494,5
6495,0
6496,4
6497,3
6498,7
6499,2
6500,3
6501,5
6502,4
6503,5
6504,1
6505,1
6506,9
6507,4
6508,8
6509,3
6510,7
6511,5
6512,0
6513,4
6514,4
6515,7
6516,8
6517,4
6518,8
6519,1
6520,1
6521,0
6522,5
6523,6
6524,7
6525,9
6526,5
6527,6
6528,8
6529,0
6530,6
6531,0
6532,2
6533,1
6534,7
6535,9
6536,0
6537,3
6538,2
6539,8
6540,7
6541,2
6542,1
6543,3
6544,9
6545,9
6546,0
6547,7
6548,6
6549,1
6550,3
6551,7
6552,2
6553,3
6554,6
6555,4
6556,1
6557,1
6558,7
6559,4
6560,4
6561,5
6562,3
6563,2
6564,8
6565,9
6566,6
6567,6
6568,5
6569,4
6570,0
6571,6
6572,7
6573,3
6574,5
6575,2
6576,8
6577,1
6578,9
6579,0
6580,5
6581,3
6582,3
6583,9
6584,2
6585,9
6586,1
6587,7
6588,4
6589,5
6590,0
6591,5
6592,1
6593,9
6594,1
6595,1
6596,9
6597,9
6598,4
6599,6
6600,6
6601,1
6602,4
6603,5
6604,4
6605,8
6606,7
6607,6
6608,1
6609,1
6610,2
6611,4
6612,6
6613,2
6614,9
6615,9
6616,5
6617,3
6618,6
6619,4
6620,8
6621,3
6622,8
6623,2
6624,2
6625,1
6626,5
6627,8
6628,7
6629,5
6630,2
6631,8
6632,0
6633,7
6634,2
6635,5
6636,5
6637,6
6638,4
6639,8
6640,7
6641,3
6642,8
6643,2
6644,1
6645,3
6646,9
6647,1
6648,0
6649,4
6650,0
6651,6
6652,5
6653,5
6654,0
6655,0
6656,6
6657,7
6658,7
6659,1
6660,4
6661,7
6662,5
6663,6
6664,6
6665,8
6666,1
6667,2
6668,9
6669,8
6670,0
6671,5
6672,9
6673,1
6674,7
6675,7
6676,4
6677,6
6678,9
6679,3
6680,0
6681,0
6682,7
6683,8
6684,0
6685,8
6686,8
6687,0
6688,8
6689,8
6690,1
6691,1
6692,4
6693,0
6694,9
6695,0
6696,9
6697,5
6698,3
6699,0
6700,1
6701,7
6702,1
6703,1
6704,4
6705,4
6706,0
6707,4
6708,1
6709,7
6710,1
6711,5
6712,5
6713,4
6714,6
6715,6
6716,8
6717,3
6718,3
6719,1
6720,1
6721,8
6722,0
6723,9
6724,8
6725,2
6726,7
6727,2
6728,9
6729,8
6730,8
6731,5
6732,4
6733,8
6734,2
6735,8
6736,3
6737,2
6738,6
6739,3
6740,9
6741,1
6742,1
6743,2
6744,5
6745,9
6746,1
6747,7
6748,2
6749,7
6750,9
6751,1
6752,2
6753,9
6754,7
6755,5
6756,5
6757,5
6758,7
6759,4
6760,3
6761,5
6762,2
6763,7
6764,8
6765,0
6766,5
6767,1
6768,4
6769,8
6770,2
6771,3
6772,1
6773,8
6774,2
6775,4
6776,7
6777,7
6778,7
6779,3
6780,3
6781,2
6782,9
6783,2
6784,7
6785,6
6786,1
6787,4
6788,9
6789,2
6790,3
6791,2
6792,5
6793,8
6794,1
6795,6
6796,3
6797,0
6798,9
6799,1
6800,2
6801,6
6802,3
6803,5
6804,8
6805,4
6806,2
6807,6
6808,1
6809,6
6810,1
6811,0
6812,4
6813,9
6814,0
6815,1
6816,4
6817,1
6818,2
6819,1
6820,6
6821,0
6822,7
6823,6
6824,1
6825,0
6826,0
6827,1
6828,8
6829,3
6830,0
6831,6
6832,7
6833,0
6834,3
6835,2
6836,0
6837,1
6838,7
6839,8
6840,4
6841,4
6842,6
6843,1
6844,6
6845,2
6846,3
6847,0
6848,3
6849,9
6850,9
6851,8
6852,7
6853,5
6854,8
6855,0
6856,1
6857,0
6858,0
6859,0
6860,5
6861,6
6862,2
6863,7
6864,5
6865,3
6866,8
6867,8
6868,1
6869,9
6870,2
6871,3
6872,4
6873,0
6874,5
6875,3
6876,8
6877,3
6878,6
6879,8
6880,9
6881,3
6882,4
6883,8
6884,9
6885,4
6886,3
6887,2
6888,9
6889,2
6890,3
6891,7
6892,3
6893,7
6894,7
6895,7
6896,0
6897,4
6898,9
6899,5
6900,2
6901,3
6902,6
6903,6
6904,7
6905,5
6906,3
6907,3
6908,7
6909,1
6910,4
6911,9
6912,0
6913,9
6914,9
6915,8
6916,0
6917,0
6918,2
6919,9
6920,2
6921,3
6922,9
6923,2
6924,4
6925,9
6926,2
6927,1
6928,9
6929,7
6930,6
6931,9
6932,1
6933,9
6934,6
6935,4
6936,7
6937,7
6938,7
6939,2
6940,7
6941,6
6942,2
6943,9
6944,6
6945,6
6946,7
6947,3
6948,9
6949,8
6950,3
6951,0
6952,9
6953,2
6954,8
6955,0
6956,3
6957,1
6958,9
6959,5
6960,2
6961,8
6962,9
6963,4
6964,4
6965,1
6966,0
6967,9
6968,1
6969,9
6970,7
6971,4
6972,5
6973,4
6974,3
6975,8
6976,5
6977,7
6978,0
6979,1
6980,4
6981,1
6982,8
6983,1
6984,6
6985,6
6986,9
6987,4
6988,8
6989,8
6990,1
6991,2
6992,2
6993,7
6994,8
6995,0
6996,2
6997,0
6998,4
6999,4
7000,3
7001,8
7002,1
7003,7
7004,6
7005,5
7006,4
7007,5
7008,0
7009,2
7010,2
7011,1
7012,5
7013,7
7014,2
7015,4
7016,6
7017,4
7018,4
7019,9
7020,2
7021,2
7022,7
7023,6
7024,1
7025,7
7026,1
7027,1
7028,3
7029,9
7030,7
7031,5
7032,1
7033,7
7034,4
7035,2
7036,2
7037,5
7038,7
7039,3
7040,5
7041,4
7042,6
7043,2
7044,8
7045,7
7046,2
7047,8
7048,9
7049,9
7050,2
7051,9
7052,2
7053,4
7054,4
7055,1
7056,6
7057,0
7058,6
7059,8
7060,6
7061,5
7062,6
7063,9
7064,7
7065,1
7066,2
7067,2
7068,5
7069,0
7070,9
7071,4
7072,1
7073,9
7074,7
7075,3
7076,6
7077,5
7078,6
7079,5
7080,7
7081,0
7082,3
7083,0
7084,0
7085,2
7086,7
7087,0
7088,7
7089,8
7090,7
7091,2
7092,3
7093,5
7094,8
7095,0
7096,7
7097,2
7098,7
7099,6
7100,2
7101,0
7102,9
7103,7
7104,3
7105,5
7106,0
7107,3
7108,9
7109,0
7110,4
7111,6
7112,9
7113,1
7114,9
7115,1
7116,0
7117,0
7118,8
7119,8
7120,9
7121,8
7122,3
7123,9
7124,9
7125,7
7126,8
7127,2
7128,5
7129,4
7130,2
7131,5
7132,5
7133,3
7134,1
7135,1
7136,9
7137,2
7138,7
7139,9
7140,5
7141,7
7142,6
7143,1
7144,2
7145,2
7146,9
7147,1
7148,4
7149,6
7150,6
7151,4
7152,4
7153,8
7154,9
7155,7
7156,1
7157,2
7158,0
7159,7
7160,6
7161,7
7162,6
7163,7
7164,1
7165,5
7166,2
7167,9
7168,2
7169,9
7170,6
7171,6
7172,6
7173,2
7174,1
7175,4
7176,5
7177,7
7178,4
7179,8
7180,1
7181,0
7182,5
7183,1
7184,5
7185,7
7186,4
7187,6
7188,2
7189,3
7190,5
7191,2
7192,5
7193,9
7194,1
7195,9
7196,3
7197,8
7198,0
7199,1
7200,6
7201,5
7202,9
7203,7
7204,7
7205,0
7206,9
7207,6
7208,3
7209,0
7210,9
7211,3
7212,1
7213,2
7214,8
7215,1
7216,3
7217,5
7218,9
7219,9
7220,8
7221,7
7222,1
7223,4
7224,9
7225,3
7226,5
7227,7
7228,1
7229,4
7230,4
7231,7
7232,4
7233,3
7234,3
7235,1
7236,9
7237,1
7238,3
7239,7
7240,3
7241,1
7242,4
7243,2
7244,2
7245,5
7246,6
7247,5
7248,6
7249,1
7250,8
7251,9
7252,4
7253,7
7254,1
7255,1
7256,8
7257,9
7258,6
7259,4
7260,6
7261,6
7262,0
7263,6
7264,2
7265,3
7266,3
7267,4
7268,3
7269,5
7270,6
7271,8
7272,2
7273,4
7274,3
7275,2
7276,0
7277,1
7278,4
7279,9
7280,3
7281,4
7282,2
7283,3
7284,0
7285,8
7286,5
7287,8
7288,1
7289,7
7290,8
7291,0
7292,9
7293,7
7294,7
7295,7
7296,1
7297,0
7298,4
7299,0
7300,4
7301,1
7302,6
7303,2
7304,4
7305,4
7306,6
7307,0
7308,7
7309,2
7310,2
7311,3
7312,9
7313,1
7314,1
7315,2
7316,2
7317,9
7318,3
7319,8
7320,0
7321,5
7322,2
7323,6
7324,2
7325,1
7326,1
7327,8
7328,7
7329,8
7330,2
7331,3
7332,8
7333,7
7334,1
7335,6
7336,3
7337,7
7338,0
7339,5
7340,0
7341,6
7342,7
7343,4
7344,2
7345,2
7346,1
7347,7
7348,8
7349,4
7350,8
7351,9
7352,8
7353,8
7354,0
7355,2
7356,3
7357,4
7358,1
7359,3
7360,6
7361,3
7362,8
7363,7
7364,9
7365,2
7366,6
7367,3
7368,6
7369,9
7370,2
7371,2
7372,5
7373,7
7374,8
7375,7
7376,2
7377,3
7378,6
7379,9
7380,1
7381,9
7382,6
7383,4
7384,5
7385,6
7386,6
7387,0
7388,7
7389,3
7390,9
7391,4
7392,1
7393,6
7394,9
7395,1
7396,6
7397,9
7398,3
7399,5
7400,2
7401,2
7402,7
7403,9
7404,7
7405,2
7406,9
7407,0
7408,8
7409,8
7410,2
7411,1
7412,9
7413,1
7414,2
7415,5
7416,0
7417,9
7418,0
7419,5
7420,6
7421,8
7422,9
7423,5
7424,8
7425,5
7426,1
7427,9
7428,4
7429,1
7430,6
7431,4
7432,4
7433,6
7434,3
7435,7
7436,3
7437,8
7438,2
7439,4
7440,5
7441,1
7442,6
7443,4
7444,7
7445,1
7446,2
7447,3
7448,2
7449,3
7450,5
7451,2
7452,5
7453,3
7454,2
7455,1
7456,5
7457,3
7458,0
7459,4
7460,9
7461,3
7462,4
7463,6
7464,2
7465,1
7466,9
7467,9
7468,5
7469,8
7470,0
7471,3
7472,0
7473,0
7474,6
7475,6
7476,2
7477,6
7478,2
7479,0
7480,7
7481,1
7482,2
7483,8
7484,2
7485,9
7486,1
7487,6
7488,4
7489,3
7490,9
7491,0
7492,9
7493,5
7494,4
7495,3
7496,1
7497,0
7498,2
7499,5
7500,6
7501,2
7502,4
7503,4
7504,3
7505,4
7506,4
7507,7
7508,6
7509,6
7510,8
7511,4
7512,2
7513,3
7514,3
7515,8
7516,4
7517,1
7518,8
7519,2
7520,5
7521,5
7522,2
7523,4
7524,0
7525,0
7526,4
7527,1
7528,5
7529,7
7530,7
7531,8
7532,3
7533,6
7534,2
7535,6
7536,5
7537,1
7538,7
7539,3
7540,1
7541,7
7542,7
7543,4
7544,8
7545,7
7546,3
7547,3
7548,3
7549,1
7550,6
7551,1
7552,5
7553,5
7554,9
7555,3
7556,0
7557,5
7558,2
7559,0
7560,8
7561,0
7562,0
7563,2
7564,5
7565,5
7566,8
7567,5
7568,4
7569,7
7570,5
7571,4
7572,1
7573,5
7574,3
7575,7
7576,7
7577,7
7578,3
7579,1
7580,4
7581,3
7582,8
7583,4
7584,0
7585,7
7586,0
7587,0
7588,0
7589,9
7590,8
7591,1
7592,5
7593,8
7594,9
7595,6
7596,8
7597,7
7598,4
7599,1
7600,4
7601,4
7602,0
7603,2
7604,0
7605,4
7606,5
7607,5
7608,8
7609,6
7610,8
7611,9
7612,6
7613,6
7614,5
7615,1
7616,5
7617,7
7618,3
7619,5
7620,2
7621,3
7622,2
7623,3
7624,8
7625,6
7626,4
7627,8
7628,0
7629,1
7630,2
7631,7
7632,5
7633,5
7634,0
7635,4
7636,6
7637,6
7638,8
7639,4
7640,4
7641,6
7642,5
7643,5
7644,5
7645,9
7646,4
7647,6
7648,1
7649,8
7650,0
7651,2
7652,7
7653,5
7654,1
7655,3
7656,3
7657,2
7658,5
7659,1
7660,3
7661,6
7662,3
7663,4
7664,6
7665,4
7666,6
7667,3
7668,0
7669,0
7670,5
7671,5
7672,0
7673,7
7674,9
7675,1
7676,3
7677,1
7678,4
7679,8
7680,7
7681,5
7682,8
7683,0
7684,0
7685,0
7686,0
7687,6
7688,9
7689,7
7690,8
7691,4
7692,9
7693,6
7694,7
7695,4
7696,0
7697,7
7698,6
7699,8
7700,1
7701,4
7702,1
7703,3
7704,0
7705,8
7706,7
7707,8
7708,1
7709,3
7710,4
7711,1
7712,5
7713,2
7714,3
7715,0
7716,7
7717,1
7718,0
7719,3
7720,8
7721,5
7722,0
7723,3
7724,1
7725,5
7726,4
7727,5
7728,3
7729,8
7730,6
7731,6
7732,6
7733,1
7734,4
7735,7
7736,3
7737,7
7738,8
7739,6
7740,0
7741,5
7742,6
7743,6
7744,9
7745,5
7746,5
7747,2
7748,2
7749,6
7750,1
7751,5
7752,6
7753,0
7754,3
7755,2
7756,6
7757,6
7758,1
7759,5
7760,9
7761,5
7762,4
7763,6
7764,1
7765,1
7766,7
7767,2
7768,0
7769,5
7770,8
7771,1
7772,0
7773,4
7774,8
7775,6
7776,1
7777,9
7778,5
7779,1
7780,7
7781,6
7782,6
7783,7
7784,6
7785,7
7786,3
7787,8
7788,1
7789,1
7790,6
7791,4
7792,8
7793,1
7794,4
7795,4
7796,1
7797,4
7798,1
7799,1
7800,7
7801,9
7802,6
7803,3
7804,8
7805,6
7806,5
7807,6
7808,2
7809,5
7810,9
7811,4
7812,3
7813,1
7814,6
7815,6
7816,3
7817,0
7818,7
7819,4
7820,4
7821,6
7822,1
7823,1
7824,5
7825,5
7826,4
7827,1
7828,6
7829,9
7830,2
7831,7
7832,7
7833,5
7834,1
7835,9
7836,3
7837,9
7838,3
7839,9
7840,4
7841,9
7842,8
7843,1
7844,7
7845,1
7846,8
7847,6
7848,9
7849,5
7850,3
7851,6
7852,8
7853,8
7854,8
7855,9
7856,2
7857,8
7858,3
7859,4
7860,0
7861,8
7862,4
7863,6
7864,5
7865,0
7866,6
7867,7
7868,8
7869,9
7870,7
7871,4
7872,2
7873,7
7874,8
7875,8
7876,0
7877,0
7878,4
7879,2
7880,9
7881,0
7882,1
7883,7
7884,9
7885,7
7886,1
7887,7
7888,0
7889,7
7890,0
7891,3
7892,1
7893,2
7894,8
7895,1
7896,4
7897,4
7898,0
7899,7
7900,0
7901,9
7902,8
7903,1
7904,8
7905,8
7906,1
7907,2
7908,5
7909,5
7910,1
7911,0
7912,8
7913,4
7914,0
7915,3
7916,7
7917,0
7918,5
7919,3
7920,7
7921,7
7922,0
7923,5
7924,5
7925,2
7926,5
7927,2
7928,2
7929,7
7930,2
7931,7
7932,5
7933,6
7934,7
7935,6
7936,2
7937,4
7938,0
7939,1
7940,8
7941,0
7942,6
7943,9
7944,9
7945,6
7946,6
7947,2
7948,4
7949,4
7950,0
7951,1
7952,7
7953,9
7954,8
7955,2
7956,3
7957,3
7958,1
7959,4
7960,5
7961,2
7962,2
7963,7
7964,4
7965,1
7966,7
7967,4
7968,8
7969,9
7970,6
7971,8
7972,7
7973,8
7974,7
7975,0
7976,4
7977,4
7978,9
7979,5
7980,5
7981,0
7982,3
7983,6
7984,9
7985,4
7986,1
7987,0
7988,1
7989,2
7990,3
7991,1
7992,6
7993,0
7994,1
7995,2
7996,4
7997,3
7998,3
7999,2
8000,0
8001,6
8002,9
8003,2
8004,1
8005,3
8006,2
8007,2
8008,8
8009,0
8010,6
8011,1
8012,1
8013,2
8014,7
8015,2
8016,8
8017,3
8018,1
8019,9
8020,5
8021,5
8022,1
8023,8
8024,5
8025,0
8026,3
8027,7
8028,7
8029,5
8030,4
8031,5
8032,3
8033,3
8034,5
8035,7
8036,8
8037,0
8038,2
8039,1
8040,4
8041,0
8042,9
8043,1
8044,7
8045,9
8046,1
8047,6
8048,7
8049,1
8050,3
8051,5
8052,9
8053,2
8054,4
8055,0
8056,3
8057,5
8058,1
8059,4
8060,2
8061,1
8062,4
8063,0
8064,1
8065,1
8066,7
8067,3
8068,7
8069,1
8070,3
8071,3
8072,0
8073,4
8074,9
8075,4
8076,6
8077,8
8078,2
8079,9
8080,5
8081,1
8082,9
8083,5
8084,0
8085,7
8086,2
8087,3
8088,4
8089,8
8090,6
8091,7
8092,2
8093,5
8094,5
8095,8
8096,0
8097,1
8098,4
8099,7
8100,3
8101,6
8102,6
8103,5
8104,1
8105,9
8106,3
8107,0
8108,3
8109,8
8110,9
8111,7
8112,1
8113,3
8114,0
8115,5
8116,7
8117,4
8118,0
8119,4
8120,3
8121,9
8122,8
8123,2
8124,8
8125,3
8126,1
8127,5
8128,8
8129,3
8130,7
8131,5
8132,0
8133,3
8134,5
8135,4
8136,4
8137,2
8138,5
8139,9
8140,6
8141,6
8142,0
8143,2
8144,4
8145,1
8146,9
8147,8
8148,5
8149,0
8150,3
8151,8
8152,3
8153,0
8154,1
8155,1
8156,2
8157,4
8158,6
8159,1
8160,1
8161,0
8162,7
8163,2
8164,8
8165,2
8166,7
8167,7
8168,1
8169,4
8170,1
8171,8
8172,6
8173,7
8174,7
8175,6
8176,3
8177,2
8178,4
8179,1
8180,4
8181,5
8182,8
8183,3
8184,6
8185,4
8186,8
8187,4
8188,6
8189,6
8190,1
8191,7
8192,5
8193,5
8194,1
8195,3
8196,2
8197,2
8198,9
8199,0
8200,6
8201,2
8202,9
8203,1
8204,3
8205,3
8206,3
8207,3
8208,9
8209,3
8210,4
8211,1
8212,2
8213,6
8214,8
8215,1
8216,9
8217,5
8218,4
8219,7
8220,9
8221,0
8222,7
8223,2
8224,9
8225,9
8226,1
8227,4
8228,0
8229,6
8230,7
8231,8
8232,7
8233,9
8234,7
8235,2
8236,4
8237,4
8238,4
8239,6
8240,3
8241,1
8242,9
8243,3
8244,6
8245,6
8246,3
8247,2
8248,8
8249,2
8250,8
8251,2
8252,4
8253,0
8254,6
8255,0
8256,3
8257,5
8258,5
8259,0
8260,1
8261,6
8262,5
8263,2
8264,3
8265,0
8266,3
8267,0
8268,0
8269,4
8270,4
8271,5
8272,0
8273,5
8274,3
8275,0
8276,2
8277,3
8278,1
8279,2
8280,4
8281,3
8282,0
8283,2
8284,0
8285,7
8286,9
8287,3
8288,3
8289,9
8290,6
8291,5
8292,9
8293,8
8294,1
8295,8
8296,0
8297,5
8298,5
8299,1
8300,4
8301,5
8302,1
8303,7
8304,5
8305,7
8306,6
8307,2
8308,1
8309,1
8310,0
8311,5
8312,0
8313,4
8314,1
8315,9
8316,5
8317,3
8318,4
8319,5
8320,3
8321,8
8322,8
8323,3
8324,7
8325,8
8326,2
8327,6
8328,9
8329,8
8330,3
8331,0
8332,6
8333,7
8334,6
8335,2
8336,8
8337,6
8338,4
8339,1
8340,5
8341,7
8342,2
8343,1
8344,2
8345,3
8346,9
8347,4
8348,1
8349,9
8350,2
8351,8
8352,4
8353,6
8354,7
8355,8
8356,6
8357,9
8358,8
8359,4
8360,3
8361,1
8362,2
8363,0
8364,2
8365,9
8366,5
8367,1
8368,5
8369,0
8370,8
8371,5
8372,2
8373,7
8374,5
8375,8
8376,1
8377,5
8378,1
8379,1
8380,0
8381,5
8382,4
8383,2
8384,0
8385,0
8386,9
8387,0
8388,2
8389,7
8390,7
8391,5
8392,2
8393,5
8394,4
8395,6
8396,3
8397,9
8398,5
8399,4
8400,0
8401,5
8402,6
8403,3
8404,7
8405,3
8406,1
8407,6
8408,2
8409,4
8410,4
8411,4
8412,0
8413,5
8414,1
8415,8
8416,0
8417,3
8418,4
8419,5
8420,0
8421,2
8422,2
8423,0
8424,1
8425,1
8426,6
8427,1
8428,4
8429,3
8430,1
8431,5
8432,9
8433,9
8434,2
8435,5
8436,0
8437,0
8438,2
8439,4
8440,7
8441,8
8442,2
8443,8
8444,4
8445,4
8446,4
8447,4
8448,8
8449,0
8450,5
8451,8
8452,5
8453,4
8454,7
8455,4
8456,4
8457,9
8458,2
8459,4
8460,8
8461,3
8462,0
8463,9
8464,8
8465,7
8466,4
8467,2
8468,4
8469,2
8470,6
8471,3
8472,2
8473,7
8474,5
8475,1
8476,0
8477,2
8478,9
8479,9
8480,0
8481,4
8482,7
8483,7
8484,0
8485,5
8486,4
8487,4
8488,1
8489,5
8490,2
8491,6
8492,8
8493,1
8494,2
8495,8
8496,3
8497,3
8498,2
8499,9
8500,7
8501,1
8502,4
8503,4
8504,6
8505,9
8506,0
8507,2
8508,4
8509,4
8510,5
8511,7
8512,8
8513,9
8514,4
8515,3
8516,4
8517,1
8518,7
8519,8
8520,2
8521,8
8522,2
8523,1
8524,2
8525,9
8526,7
8527,7
8528,0
8529,1
8530,2
8531,0
8532,9
8533,4
8534,2
8535,1
8536,4
8537,5
8538,0
8539,8
8540,6
8541,1
8542,9
8543,5
8544,1
8545,6
8546,2
8547,1
8548,8
8549,0
8550,5
8551,1
8552,9
8553,9
8554,6
8555,6
8556,5
8557,1
8558,1
8559,7
8560,9
8561,4
8562,2
8563,7
8564,3
8565,4
8566,6
8567,0
8568,6
8569,3
8570,0
8571,6
8572,3
8573,0
8574,1
8575,3
8576,2
8577,6
8578,3
8579,1
8580,0
8581,5
8582,9
8583,1
8584,3
8585,9
8586,0
8587,2
8588,0
8589,5
8590,8
8591,9
8592,6
8593,6
8594,5
8595,2
8596,4
8597,7
8598,2
8599,0
8600,7
8601,9
8602,1
8603,3
8604,9
8605,9
8606,2
8607,6
8608,4
8609,9
8610,7
8611,6
8612,0
8613,0
8614,4
8615,8
8616,4
8617,9
8618,8
8619,3
8620,5
8621,1
8622,7
8623,7
8624,1
8625,4
8626,1
8627,7
8628,3
8629,9
8630,7
8631,6
8632,6
8633,1
8634,9
8635,4
8636,0
8637,0
8638,4
8639,4
8640,8
8641,3
8642,1
8643,7
8644,5
8645,7
8646,3
8647,7
8648,4
8649,1
8650,0
8651,3
8652,2
8653,4
8654,3
8655,2
8656,2
8657,6
8658,0
8659,9
8660,9
8661,2
8662,3
8663,1
8664,8
8665,6
8666,4
8667,2
8668,2
8669,1
8670,7
8671,3
8672,1
8673,4
8674,5
8675,0
8676,6
8677,8
8678,1
8679,7
8680,8
8681,3
8682,7
8683,6
8684,7
8685,7
8686,3
8687,7
8688,2
8689,4
8690,5
8691,7
8692,7
8693,9
8694,0
8695,9
8696,1
8697,8
8698,1
8699,8
8700,4
8701,4
8702,1
8703,9
8704,9
8705,6
8706,1
8707,7
8708,5
8709,3
8710,5
8711,3
8712,7
8713,8
8714,0
8715,0
8716,1
8717,0
8718,3
8719,6
8720,6
8721,1
8722,9
8723,4
8724,0
8725,1
8726,0
8727,2
8728,0
8729,6
8730,7
8731,7
8732,5
8733,3
8734,1
8735,8
8736,9
8737,7
8738,0
8739,4
8740,6
8741,2
8742,5
8743,0
8744,6
8745,5
8746,6
8747,8
8748,3
8749,4
8750,1
8751,8
8752,4
8753,6
8754,8
8755,7
8756,1
8757,8
8758,6
8759,8
8760,1
8761,2
8762,3
8763,3
8764,2
8765,3
8766,3
8767,6
8768,8
8769,2
8770,7
8771,6
8772,8
8773,8
8774,0
8775,9
8776,2
8777,7
8778,7
8779,5
8780,3
8781,1
8782,2
8783,3
8784,1
8785,4
8786,3
8787,6
8788,4
8789,8
8790,3
8791,1
8792,3
8793,6
8794,9
8795,6
8796,9
8797,0
8798,3
8799,9
8800,0
8801,7
8802,7
8803,3
8804,0
8805,0
8806,9
8807,3
8808,5
8809,7
8810,9
8811,8
8812,6
8813,0
8814,7
8815,7
8816,2
8817,8
8818,7
8819,9
8820,1
8821,2
8822,3
8823,6
8824,0
8825,7
8826,8
8827,1
8828,0
8829,3
8830,6
8831,9
8832,9
8833,5
8834,0
8835,5
8836,0
8837,1
8838,1
8839,8
8840,2
8841,5
8842,9
8843,5
8844,4
8845,0
8846,3
8847,5
8848,1
8849,2
8850,7
8851,6
8852,5
8853,3
8854,0
8855,5
8856,6
8857,9
8858,0
8859,7
8860,8
8861,1
8862,7
8863,1
8864,8
8865,5
8866,2
8867,2
8868,9
8869,7
8870,3
8871,2
8872,1
8873,2
8874,5
8875,4
8876,9
8877,2
8878,1
8879,3
8880,1
8881,8
8882,5
8883,6
8884,2
8885,7
8886,3
8887,9
8888,7
8889,4
8890,3
8891,6
8892,3
8893,1
8894,1
8895,7
8896,5
8897,3
8898,5
8899,2
8900,9
8901,9
8902,7
8903,9
8904,3
8905,9
8906,1
8907,1
8908,1
8909,8
8910,1
8911,6
8912,2
8913,6
8914,6
8915,5
8916,8
8917,2
8918,9
8919,7
8920,0
8921,3
8922,5
8923,7
8924,8
8925,7
8926,8
8927,7
8928,9
8929,3
8930,7
8931,1
8932,8
8933,5
8934,4
8935,7
8936,5
8937,8
8938,0
8939,5
8940,9
8941,7
8942,0
8943,7
8944,7
8945,4
8946,4
8947,5
8948,8
8949,9
8950,2
8951,4
8952,7
8953,5
8954,1
8955,4
8956,4
8957,9
8958,6
8959,4
8960,2
8961,0
8962,2
8963,6
8964,2
8965,2
8966,8
8967,4
8968,1
8969,6
8970,1
8971,2
8972,2
8973,1
8974,3
8975,1
8976,2
8977,4
8978,6
8979,4
8980,3
8981,5
8982,5
8983,5
8984,1
8985,0
8986,1
8987,1
8988,7
8989,1
8990,7
8991,2
8992,6
8993,9
8994,5
8995,5
8996,2
8997,5
8998,2
8999,8
9000,9
9001,3
9002,2
9003,8
9004,9
9005,7
9006,3
9007,5
9008,6
9009,8
9010,9
9011,8
9012,3
9013,7
9014,0
9015,4
9016,5
9017,1
9018,0
9019,1
9020,6
9021,4
9022,2
9023,1
9024,9
9025,7
9026,0
9027,9
9028,3
9029,1
9030,6
9031,3
9032,6
9033,0
9034,8
9035,2
9036,6
9037,5
9038,7
9039,9
9040,0
9041,2
9042,0
9043,8
9044,4
9045,0
9046,9
9047,4
9048,6
9049,0
9050,7
9051,5
9052,2
9053,1
9054,9
9055,6
9056,1
9057,1
9058,2
9059,7
9060,0
9061,3
9062,3
9063,8
9064,9
9065,4
9066,8
9067,4
9068,8
9069,4
9070,9
9071,9
9072,8
9073,6
9074,9
9075,8
9076,3
9077,0
9078,9
9079,6
9080,7
9081,8
9082,3
9083,5
9084,8
9085,1
9086,2
9087,7
9088,8
9089,7
9090,1
9091,6
9092,8
9093,3
9094,1
9095,6
9096,8
9097,7
9098,6
9099,9
9100,1
9101,5
9102,9
9103,0
9104,7
9105,4
9106,3
9107,2
9108,3
9109,4
9110,8
9111,9
9112,3
9113,0
9114,5
9115,2
9116,0
9117,6
9118,1
9119,6
9120,7
9121,9
9122,0
9123,4
9124,5
9125,4
9126,3
9127,1
9128,9
9129,4
9130,8
9131,7
9132,2
9133,8
9134,2
9135,6
9136,7
9137,9
9138,7
9139,6
9140,4
9141,6
9142,3
9143,7
9144,5
9145,4
9146,4
9147,2
9148,2
9149,9
9150,6
9151,7
9152,0
9153,5
9154,0
9155,0
9156,3
9157,3
9158,5
9159,8
9160,7
9161,6
9162,2
9163,2
9164,4
9165,9
9166,0
9167,5
9168,3
9169,1
9170,8
9171,5
9172,9
9173,9
9174,7
9175,1
9176,4
9177,3
9178,6
9179,7
9180,8
9181,1
9182,6
9183,4
9184,1
9185,4
9186,9
9187,7
9188,1
9189,3
9190,0
9191,8
9192,7
9193,8
9194,7
9195,1
9196,6
9197,9
9198,4
9199,8
9200,3
9201,7
9202,6
9203,9
9204,3
9205,0
9206,8
9207,4
9208,1
9209,6
9210,8
9211,1
9212,9
9213,4
9214,3
9215,8
9216,4
9217,0
9218,9
9219,4
9220,4
9221,9
9222,3
9223,2
9224,2
9225,8
9226,0
9227,4
9228,3
9229,7
9230,4
9231,4
9232,6
9233,5
9234,3
9235,0
9236,5
9237,3
9238,1
9239,4
9240,6
9241,3
9242,5
9243,9
9244,3
9245,5
9246,1
9247,3
9248,8
9249,0
9250,9
9251,2
9252,3
9253,7
9254,9
9255,2
9256,4
9257,3
9258,1
9259,0
9260,7
9261,7
9262,5
9263,6
9264,6
9265,4
9266,8
9267,8
9268,2
9269,0
9270,7
9271,7
9272,7
9273,0
9274,8
9275,5
9276,8
9277,3
9278,3
9279,0
9280,9
9281,5
9282,7
9283,2
9284,0
9285,1
9286,0
9287,3
9288,9
9289,2
9290,4
9291,4
9292,1
9293,4
9294,3
9295,2
9296,9
9297,1
9298,1
9299,9
9300,0
9301,2
9302,7
9303,9
9304,7
9305,8
9306,6
9307,7
9308,7
9309,7
9310,6
9311,7
9312,9
9313,4
9314,7
9315,1
9316,1
9317,8
9318,1
9319,1
9320,1
9321,1
9322,6
9323,3
9324,1
9325,1
9326,5
9327,6
9328,1
9329,3
9330,8
9331,1
9332,0
9333,9
9334,3
9335,9
9336,7
9337,5
9338,0
9339,5
9340,9
9341,6
9342,3
9343,0
9344,7
9345,2
9346,2
9347,4
9348,2
9349,0
9350,6
9351,7
9352,7
9353,0
9354,4
9355,7
9356,3
9357,5
9358,8
9359,7
9360,4
9361,0
9362,7
9363,4
9364,2
9365,4
9366,2
9367,9
9368,2
9369,6
9370,0
9371,4
9372,4
9373,1
9374,8
9375,0
9376,9
9377,9
9378,6
9379,1
9380,6
9381,6
9382,7
9383,7
9384,1
9385,3
9386,8
9387,0
9388,9
9389,4
9390,4
9391,9
9392,0
9393,0
9394,2
9395,1
9396,1
9397,0
9398,2
9399,5
9400,2
9401,0
9402,9
9403,2
9404,3
9405,6
9406,2
9407,0
9408,5
9409,7
9410,2
9411,9
9412,4
9413,1
9414,5
9415,1
9416,4
9417,1
9418,6
9419,4
9420,2
9421,1
9422,5
9423,9
9424,6
9425,0
9426,4
9427,4
9428,1
9429,3
9430,3
9431,3
9432,0
9433,4
9434,1
9435,5
9436,6
9437,1
9438,2
9439,0
9440,7
9441,8
9442,6
9443,4
9444,1
9445,2
9446,8
9447,4
9448,4
9449,8
9450,2
9451,1
9452,1
9453,9
9454,5
9455,1
9456,4
9457,0
9458,2
9459,7
9460,1
9461,4
9462,0
9463,9
9464,4
9465,4
9466,4
9467,5
9468,1
9469,7
9470,4
9471,6
9472,4
9473,5
9474,8
9475,7
9476,1
9477,4
9478,7
9479,9
9480,7
9481,8
9482,0
9483,8
9484,6
9485,9
9486,8
9487,3
9488,1
9489,2
9490,8
9491,1
9492,1
9493,9
9494,5
9495,8
9496,8
9497,6
9498,0
9499,7
9500,6
9501,4
9502,6
9503,3
9504,2
9505,6
9506,0
9507,9
9508,1
9509,6
9510,5
9511,2
9512,7
9513,3
9514,4
9515,3
9516,1
9517,0
9518,6
9519,4
9520,7
9521,6
9522,4
9523,0
9524,5
9525,0
9526,9
9527,7
9528,5
9529,3
9530,6
9531,4
9532,4
9533,9
9534,7
9535,7
9536,4
9537,2
9538,2
9539,1
9540,1
9541,5
9542,3
9543,5
9544,4
9545,7
9546,7
9547,3
9548,4
9549,8
9550,7
9551,7
9552,1
9553,1
9554,9
9555,4
9556,4
9557,4
9558,3
9559,0
9560,3
9561,7
9562,8
9563,1
9564,6
9565,4
9566,0
9567,6
9568,2
9569,9
9570,0
9571,6
9572,3
9573,6
9574,6
9575,6
9576,5
9577,1
9578,9
9579,9
9580,3
9581,6
9582,3
9583,8
9584,0
9585,7
9586,2
9587,0
9588,3
9589,2
9590,5
9591,7
9592,9
9593,6
9594,4
9595,8
9596,4
9597,4
9598,1
9599,9
9600,8
9601,8
9602,9
9603,1
9604,5
9605,7
9606,1
9607,6
9608,7
9609,0
9610,2
9611,8
9612,2
9613,4
9614,5
9615,5
9616,2
9617,6
9618,1
9619,1
9620,4
9621,0
9622,9
9623,4
9624,3
9625,7
9626,9
9627,3
9628,0
9629,2
9630,9
9631,6
9632,3
9633,3
9634,3
9635,2
9636,3
9637,4
9638,6
9639,7
9640,9
9641,3
9642,6
9643,7
9644,8
9645,3
9646,9
9647,1
9648,2
9649,4
9650,5
9651,9
9652,9
9653,4
9654,1
9655,4
9656,7
9657,6
9658,8
9659,2
9660,8
9661,0
9662,6
9663,2
9664,9
9665,6
9666,7
9667,1
9668,2
9669,7
9670,8
9671,6
9672,0
9673,8
9674,5
9675,1
9676,7
9677,7
9678,3
9679,5
9680,3
9681,7
9682,4
9683,7
9684,0
9685,4
9686,1
9687,9
9688,1
9689,5
9690,2
9691,1
9692,6
9693,6
9694,0
9695,9
9696,6
9697,6
9698,0
9699,2
9700,1
9701,7
9702,9
9703,5
9704,8
9705,2
9706,7
9707,2
9708,3
9709,0
9710,2
9711,1
9712,9
9713,9
9714,9
9715,1
9716,3
9717,3
9718,6
9719,9
9720,3
9721,3
9722,7
9723,4
9724,1
9725,8
9726,1
9727,7
9728,5
9729,4
9730,2
9731,8
9732,0
9733,6
9734,4
9735,6
9736,4
9737,7
9738,4
9739,6
9740,7
9741,8
9742,0
9743,2
9744,3
9745,7
9746,8
9747,7
9748,2
9749,3
9750,4
9751,4
9752,9
9753,6
9754,8
9755,6
9756,6
9757,1
9758,2
9759,8
9760,1
9761,7
9762,6
9763,7
9764,1
9765,8
9766,7
9767,6
9768,2
9769,9
9770,7
9771,5
9772,8
9773,4
9774,6
9775,8
9776,0
9777,1
9778,7
9779,3
9780,2
9781,0
9782,8
9783,8
9784,3
9785,5
9786,4
9787,1
9788,8
9789,6
9790,4
9791,1
9792,0
9793,1
9794,1
9795,0
9796,2
9797,4
9798,5
9799,6
9800,4
9801,3
9802,8
9803,6
9804,2
9805,6
9806,9
9807,8
9808,4
9809,6
9810,5
9811,6
9812,2
9813,5
9814,7
9815,4
9816,9
9817,1
9818,3
9819,8
9820,2
9821,8
9822,4
9823,9
9824,5
9825,8
9826,8
9827,4
9828,2
9829,6
9830,1
9831,5
9832,5
9833,3
9834,6
9835,7
9836,0
9837,3
9838,4
9839,6
9840,6
9841,5
9842,6
9843,1
9844,3
9845,7
9846,7
9847,2
9848,7
9849,3
9850,3
9851,3
9852,9
9853,1
9854,2
9855,1
9856,5
9857,1
9858,1
9859,6
9860,0
9861,2
9862,9
9863,6
9864,9
9865,6
9866,6
9867,5
9868,1
9869,0
9870,0
9871,7
9872,6
9873,9
9874,5
9875,1
9876,7
9877,6
9878,9
9879,7
9880,4
9881,8
9882,7
9883,3
9884,6
9885,8
9886,6
9887,3
9888,2
9889,1
9890,0
9891,8
9892,9
9893,2
9894,4
9895,4
9896,0
9897,0
9898,9
9899,6
9900,8
9901,0
9902,3
9903,9
9904,3
9905,9
9906,7
9907,9
9908,7
9909,3
9910,7
9911,8
9912,8
9913,2
9914,3
9915,8
9916,2
9917,1
9918,2
9919,7
9920,2
9921,1
9922,2
9923,7
9924,1
9925,7
9926,0
9927,5
9928,3
9929,5
9930,5
9931,3
9932,3
9933,8
9934,6
9935,9
9936,9
9937,0
9938,2
9939,5
9940,7
9941,4
9942,6
9943,8
9944,6
9945,2
9946,3
9947,3
9948,7
9949,8
9950,8
9951,4
9952,9
9953,7
9954,0
9955,3
9956,8
9957,7
9958,4
9959,8
9960,2
9961,8
9962,7
9963,7
9964,5
9965,7
9966,8
9967,0
9968,7
9969,5
9970,1
9971,5
9972,9
9973,9
9974,0
9975,4
9976,9
9977,7
9978,4
9979,7
9980,9
9981,0
9982,1
9983,4
9984,3
9985,5
9986,9
9987,0
9988,9
9989,4
9990,4
9991,8
9992,6
9993,1
9994,2
9995,1
9996,1
9997,9
9998,2
9999,7
10000,7
10001,0
10002,1
10003,5
10004,1
10005,6
10006,9
10007,8
10008,3
10009,4
10010,0
10011,3
10012,1
10013,0
10014,5
10015,3
10016,9
10017,8
10018,1
10019,7
10020,8
10021,5
10022,6
10023,8
10024,1
10025,1
10026,7
10027,1
10028,4
10029,8
10030,0
10031,8
10032,5
10033,6
10034,0
10035,7
10036,7
10037,1
10038,6
10039,8
10040,0
10041,6
10042,2
10043,1
10044,0
10045,5
10046,4
10047,5
10048,1
10049,2
10050,1
10051,1
10052,2
10053,7
10054,3
10055,3
10056,6
10057,5
10058,2
10059,8
10060,5
10061,9
10062,8
10063,4
10064,3
10065,5
10066,3
10067,4
10068,0
10069,6
10070,6
10071,3
10072,5
10073,4
10074,6
10075,8
10076,1
10077,2
10078,7
10079,9
10080,0
10081,3
10082,4
10083,9
10084,6
10085,8
10086,6
10087,9
10088,3
10089,8
10090,2
10091,8
10092,4
10093,1
10094,1
10095,7
10096,3
10097,8
10098,1
10099,2
10100,3
10101,3
10102,9
10103,4
10104,7
10105,2
10106,4
10107,0
10108,1
10109,4
10110,3
10111,6
10112,2
10113,4
10114,1
10115,5
10116,9
10117,7
10118,1
10119,7
10120,4
10121,6
10122,1
10123,6
10124,7
10125,4
10126,8
10127,2
10128,1
10129,7
10130,9
10131,2
10132,2
10133,5
10134,5
10135,3
10136,9
10137,0
10138,6
10139,2
10140,5
10141,6
10142,0
10143,3
10144,4
10145,3
10146,6
10147,7
10148,6
10149,0
10150,3
10151,5
10152,5
10153,8
10154,4
10155,0
10156,6
10157,9
10158,5
10159,6
10160,0
10161,1
10162,7
10163,5
10164,7
10165,5
10166,6
10167,4
10168,3
10169,4
10170,4
10171,6
10172,2
10173,2
10174,4
10175,7
10176,7
10177,3
10178,2
10179,0
10180,7
10181,4
10182,9
10183,2
10184,4
10185,2
10186,1
10187,3
10188,9
10189,4
10190,0
10191,1
10192,2
10193,9
10194,7
10195,7
10196,9
10197,3
10198,4
10199,5
10200,5
10201,1
10202,5
10203,5
10204,6
10205,1
10206,2
10207,8
10208,8
10209,4
10210,6
10211,7
10212,8
10213,6
10214,1
10215,0
10216,5
10217,4
10218,0
10219,3
10220,1
10221,1
10222,5
10223,5
10224,3
10225,1
10226,2
10227,4
10228,6
10229,9
10230,2
10231,4
10232,1
10233,7
10234,9
10235,8
10236,5
10237,1
10238,1
10239,4
10240,3
10241,6
10242,2
10243,2
10244,1
10245,6
10246,7
10247,7
10248,1
10249,7
10250,3
10251,0
10252,1
10253,1
10254,5
10255,3
10256,1
10257,1
10258,3
10259,2
10260,7
10261,1
10262,2
10263,1
10264,8
10265,8
10266,0
10267,7
10268,5
10269,5
10270,4
10271,0
10272,8
10273,7
10274,7
10275,3
10276,4
10277,5
10278,8
10279,2
10280,0
10281,7
10282,4
10283,1
10284,1
10285,8
10286,1
10287,5
10288,4
10289,2
10290,1
10291,0
10292,2
10293,4
10294,7
10295,0
10296,2
10297,8
10298,0
10299,2
10300,1
10301,9
10302,7
10303,3
10304,3
10305,4
10306,4
10307,1
10308,1
10309,4
10310,2
10311,3
10312,1
10313,0
10314,9
10315,8
10316,5
10317,9
10318,8
10319,6
10320,7
10321,3
10322,1
10323,6
10324,3
10325,7
10326,6
10327,1
10328,7
10329,3
10330,3
10331,5
10332,7
10333,7
10334,6
10335,0
10336,8
10337,1
10338,7
10339,3
10340,3
10341,3
10342,2
10343,1
10344,3
10345,9
10346,4
10347,3
10348,1
10349,9
10350,7
10351,7
10352,2
10353,3
10354,4
10355,8
10356,0
10357,9
10358,4
10359,1
10360,1
10361,7
10362,2
10363,6
10364,6
10365,4
10366,1
10367,0
10368,4
10369,2
10370,1
10371,3
10372,7
10373,4
10374,0
10375,2
10376,8
10377,5
10378,8
10379,9
10380,4
10381,2
10382,5
10383,6
10384,8
10385,2
10386,9
10387,7
10388,0
10389,1
10390,7
10391,3
10392,3
10393,6
10394,9
10395,7
10396,5
10397,3
10398,1
10399,7
10400,0
10401,8
10402,1
10403,4
10404,1
10405,1
10406,1
10407,8
10408,7
10409,4
10410,7
10411,9
10412,6
10413,9
10414,6
10415,2
10416,4
10417,4
10418,2
10419,1
10420,8
10421,7
10422,5
10423,4
10424,6
10425,2
10426,1
10427,6
10428,7
10429,1
10430,5
10431,0
10432,0
10433,5
10434,8
10435,4
10436,7
10437,2
10438,0
10439,5
10440,9
10441,2
10442,2
10443,4
10444,2
10445,4
10446,3
10447,0
10448,1
10449,8
10450,5
10451,1
10452,3
10453,2
10454,1
10455,3
10456,2
10457,4
10458,0
10459,4
10460,1
10461,8
10462,3
10463,7
10464,9
10465,5
10466,8
10467,8
10468,6
10469,4
10470,3
10471,7
10472,4
10473,9
10474,6
10475,8
10476,8
10477,6
10478,6
10479,5
10480,7
10481,8
10482,4
10483,4
10484,2
10485,3
10486,6
10487,6
10488,0
10489,0
10490,6
10491,6
10492,9
10493,1
10494,4
10495,4
10496,7
10497,3
10498,7
10499,8
10500,2
10501,3
10502,8
10503,4
10504,9
10505,6
10506,4
10507,0
10508,3
10509,9
10510,2
10511,0
10512,0
10513,7
10514,8
10515,8
10516,3
10517,5
10518,8
10519,6
10520,3
10521,7
10522,5
10523,0
10524,2
10525,7
10526,8
10527,6
10528,1
10529,5
10530,5
10531,4
10532,4
10533,3
10534,4
10535,5
10536,3
10537,2
10538,8
10539,2
10540,1
10541,5
10542,7
10543,1
10544,9
10545,4
10546,9
10547,3
10548,1
10549,7
10550,3
10551,3
10552,6
10553,8
10554,9
10555,5
10556,2
10557,2
10558,8
10559,8
10560,8
10561,7
10562,2
10563,9
10564,7
10565,4
10566,1
10567,7
10568,8
10569,2
10570,0
10571,3
10572,1
10573,3
10574,6
10575,9
10576,6
10577,4
10578,9
10579,6
10580,7
10581,8
10582,3
10583,1
10584,6
10585,7
10586,9
10587,4
10588,9
10589,6
10590,8
10591,9
10592,8
10593,1
10594,4
10595,8
10596,9
10597,3
10598,1
10599,8
10600,0
10601,5
10602,2
10603,7
10604,1
10605,0
10606,5
10607,2
10608,4
10609,0
10610,3
10611,8
10612,9
10613,6
10614,6
10615,2
10616,8
10617,6
10618,7
10619,0
10620,0
10621,3
10622,3
10623,6
10624,5
10625,1
10626,1
10627,7
10628,9
10629,3
10630,1
10631,5
10632,8
10633,3
10634,2
10635,6
10636,8
10637,3
10638,8
10639,7
10640,4
10641,2
10642,9
10643,7
10644,3
10645,9
10646,8
10647,2
10648,3
10649,5
10650,1
10651,0
10652,9
10653,9
10654,2
10655,3
10656,7
10657,7
10658,9
10659,7
10660,8
10661,6
10662,0
10663,5
10664,4
10665,3
10666,7
10667,4
10668,1
10669,3
10670,4
10671,8
10672,7
10673,0
10674,0
10675,5
10676,6
10677,4
10678,5
10679,1
10680,4
10681,9
10682,2
10683,2
10684,7
10685,9
10686,2
10687,9
10688,8
10689,2
10690,1
10691,8
10692,2
10693,3
10694,5
10695,5
10696,3
10697,2
10698,0
10699,9
10700,8
10701,6
10702,1
10703,2
10704,0
10705,1
10706,1
10707,5
10708,6
10709,8
10710,8
10711,3
10712,3
10713,9
10714,0
10715,0
10716,3
10717,2
10718,4
10719,8
10720,9
10721,8
10722,4
10723,1
10724,9
10725,0
10726,9
10727,9
10728,2
10729,9
10730,4
10731,4
10732,7
10733,9
10734,9
10735,1
10736,2
10737,0
10738,5
10739,3
10740,9
10741,6
10742,7
10743,2
10744,5
10745,4
10746,4
10747,0
10748,1
10749,0
10750,9
10751,4
10752,0
10753,1
10754,9
10755,6
10756,0
10757,2
10758,1
10759,4
10760,5
10761,7
10762,8
10763,7
10764,7
10765,9
10766,2
10767,8
10768,7
10769,5
10770,6
10771,4
10772,9
10773,8
10774,7
10775,0
10776,3
10777,1
10778,6
10779,8
10780,6
10781,3
10782,2
10783,6
10784,8
10785,5
10786,5
10787,5
10788,2
10789,8
10790,3
10791,6
10792,3
10793,6
10794,9
10795,0
10796,5
10797,2
10798,0
10799,5
10800,8
10801,7
10802,4
10803,4
10804,7
10805,0
10806,2
10807,5
10808,4
10809,0
10810,1
10811,1
10812,0
10813,6
10814,2
10815,5
10816,0
10817,9
10818,0
10819,8
10820,5
10821,4
10822,6
10823,5
10824,3
10825,8
10826,7
10827,0
10828,9
10829,1
10830,4
10831,1
10832,5
10833,2
10834,2
10835,4
10836,2
10837,9
10838,8
10839,7
10840,1
10841,8
10842,3
10843,4
10844,7
10845,1
10846,9
10847,0
10848,9
10849,8
10850,7
10851,9
10852,4
10853,1
10854,9
10855,7
10856,2
10857,0
10858,8
10859,2
10860,4
10861,3
10862,5
10863,5
10864,4
10865,2
10866,8
10867,5
10868,5
10869,7
10870,1
10871,6
10872,3
10873,3
10874,8
10875,0
10876,9
10877,4
10878,0
10879,1
10880,6
10881,8
10882,5
10883,6
10884,2
10885,3
10886,4
10887,4
10888,2
10889,3
10890,6
10891,2
10892,1
10893,6
10894,8
10895,5
10896,9
10897,1
10898,7
10899,9
10900,0
10901,7
10902,9
10903,4
10904,2
10905,6
10906,0
10907,6
10908,4
10909,1
10910,7
10911,2
10912,8
10913,0
10914,6
10915,0
10916,1
10917,9
10918,9
10919,3
10920,7
10921,0
10922,7
10923,4
10924,6
10925,2
10926,1
10927,2
10928,1
10929,7
10930,6
10931,9
10932,0
10933,9
10934,1
10935,4
10936,8
10937,7
10938,3
10939,8
10940,6
10941,9
10942,3
10943,8
10944,3
10945,7
10946,9
10947,6
10948,0
10949,1
10950,7
10951,1
10952,1
10953,4
10954,1
10955,6
10956,6
10957,3
10958,1
10959,8
10960,1
10961,9
10962,6
10963,2
10964,1
10965,0
10966,1
10967,2
10968,7
10969,9
10970,0
10971,5
10972,1
10973,3
10974,2
10975,6
10976,1
10977,4
10978,9
10979,4
10980,9
10981,5
10982,2
10983,6
10984,6
10985,3
10986,4
10987,3
10988,4
10989,7
10990,0
10991,7
10992,0
10993,8
10994,2
10995,0
10996,0
10997,7
10998,7
10999,1
11000,0
11001,5
11002,6
11003,2
11004,3
11005,7
11006,1
11007,7
11008,6
11009,8
11010,3
11011,2
11012,0
11013,1
11014,0
11015,8
11016,2
11017,6
11018,0
11019,0
11020,5
11021,4
11022,0
11023,9
11024,6
11025,6
11026,4
11027,2
11028,7
11029,1
11030,2
11031,9
11032,5
11033,8
11034,7
11035,4
11036,4
11037,6
11038,8
11039,9
11040,8
11041,3
11042,3
11043,7
11044,3
11045,2
11046,0
11047,4
11048,9
11049,0
11050,3
11051,7
11052,6
11053,2
11054,0
11055,0
11056,7
11057,2
11058,1
11059,7
11060,1
11061,8
11062,8
11063,2
11064,9
11065,5
11066,7
11067,8
11068,8
11069,7
11070,5
11071,1
11072,9
11073,6
11074,3
11075,2
11076,0
11077,6
11078,8
11079,7
11080,0
11081,3
11082,9
11083,9
11084,0
11085,9
11086,5
11087,7
11088,6
11089,2
11090,2
11091,5
11092,3
11093,8
11094,5
11095,7
11096,1
11097,1
11098,5
11099,4
11100,6
11101,0
11102,2
11103,7
11104,2
11105,0
11106,7
11107,1
11108,1
11109,1
11110,7
11111,9
11112,0
11113,8
11114,9
11115,0
11116,8
11117,1
11118,7
11119,2
11120,2
11121,7
11122,1
11123,9
11124,3
11125,3
11126,7
11127,9
11128,4
11129,2
11130,7
11131,3
11132,7
11133,2
11134,5
11135,9
11136,0
11137,2
11138,6
11139,0
11140,1
11141,8
11142,8
11143,7
11144,0
11145,2
11146,9
11147,7
11148,0
11149,1
11150,9
11151,6
11152,7
11153,2
11154,3
11155,7
11156,6
11157,9
11158,9
11159,0
11160,3
11161,6
11162,4
11163,4
11164,2
11165,3
11166,5
11167,4
11168,6
11169,3
11170,0
11171,7
11172,0
11173,2
11174,7
11175,7
11176,7
11177,0
11178,0
11179,1
11180,9
11181,0
11182,6
11183,9
11184,7
11185,8
11186,1
11187,3
11188,1
11189,1
11190,2
11191,3
11192,9
11193,0
11194,0
11195,5
11196,2
11197,2
11198,3
11199,8
11200,3
11201,4
11202,9
11203,1
11204,2
11205,5
11206,1
11207,1
11208,5
11209,2
11210,8
11211,8
11212,5
11213,1
11214,8
11215,5
11216,3
11217,6
11218,7
11219,9
11220,1
11221,8
11222,8
11223,2
11224,1
11225,8
11226,8
11227,0
11228,9
11229,0
11230,2
11231,3
11232,5
11233,6
11234,0
11235,0
11236,0
11237,8
11238,0
11239,6
11240,3
11241,3
11242,7
11243,2
11244,5
11245,6
11246,2
11247,8
11248,5
11249,8
11250,0
11251,2
11252,7
11253,4
11254,0
11255,1
11256,3
11257,1
11258,8
11259,0
11260,8
11261,9
11262,5
11263,3
11264,0
11265,3
11266,7
11267,6
11268,6
11269,8
11270,3
11271,2
11272,6
11273,7
11274,7
11275,3
11276,1
11277,8
11278,7
11279,6
11280,3
11281,2
11282,6
11283,4
11284,9
11285,5
11286,8
11287,2
11288,7
11289,3
11290,2
11291,4
11292,8
11293,4
11294,4
11295,4
11296,1
11297,1
11298,6
11299,8
11300,8
11301,5
11302,1
11303,7
11304,3
11305,5
11306,0
11307,1
11308,8
11309,4
11310,5
11311,6
11312,2
11313,7
11314,9
11315,9
11316,9
11317,6
11318,7
11319,0
11320,1
11321,6
11322,8
11323,4
11324,3
11325,5
11326,4
11327,1
11328,6
11329,4
11330,5
11331,1
11332,2
11333,6
11334,9
11335,2
11336,4
11337,7
11338,0
11339,2
11340,1
11341,8
11342,1
11343,7
11344,7
11345,5
11346,3
11347,2
11348,8
11349,7
11350,5
11351,1
11352,4
11353,5
11354,9
11355,1
11356,7
11357,9
11358,7
11359,0
11360,6
11361,0
11362,2
11363,8
11364,2
11365,9
11366,4
11367,3
11368,0
11369,3
11370,8
11371,4
11372,4
11373,3
11374,5
11375,4
11376,2
11377,9
11378,1
11379,8
11380,1
11381,6
11382,0
11383,4
11384,8
11385,0
11386,9
11387,1
11388,0
11389,5
11390,9
11391,7
11392,7
11393,5
11394,8
11395,4
11396,7
11397,9
11398,7
11399,9
11400,6
11401,9
11402,5
11403,8
11404,4
11405,0
11406,0
11407,5
11408,9
11409,6
11410,5
11411,1
11412,6
11413,0
11414,2
11415,1
11416,8
11417,5
11418,7
11419,4
11420,4
11421,1
11422,4
11423,6
11424,2
11425,8
11426,7
11427,5
11428,5
11429,6
11430,1
11431,1
11432,3
11433,1
11434,7
11435,0
11436,3
11437,3
11438,5
11439,8
11440,7
11441,2
11442,3
11443,3
11444,7
11445,3
11446,9
11447,9
11448,8
11449,6
11450,6
11451,0
11452,5
11453,5
11454,4
11455,3
11456,0
11457,6
11458,1
11459,1
11460,3
11461,2
11462,6
11463,1
11464,9
11465,3
11466,7
11467,3
11468,8
11469,0
11470,0
11471,0
11472,1
11473,5
11474,2
11475,8
11476,7
11477,1
11478,0
11479,4
11480,3
11481,2
11482,3
11483,9
11484,5
11485,4
11486,4
11487,9
11488,2
11489,9
11490,9
11491,3
11492,9
11493,2
11494,1
11495,0
11496,6
11497,4
11498,1
11499,9
11500,4
11501,0
11502,9
11503,5
11504,0
11505,8
11506,8
11507,9
11508,4
11509,3
11510,1
11511,5
11512,5
11513,0
11514,6
11515,6
11516,6
11517,5
11518,6
11519,4
11520,4
11521,0
11522,4
11523,8
11524,5
11525,9
11526,4
11527,6
11528,4
11529,5
11530,8
11531,5
11532,7
11533,4
11534,1
11535,1
11536,2
11537,8
11538,3
11539,1
11540,6
11541,3
11542,5
11543,3
11544,7
11545,7
11546,1
11547,7
11548,9
11549,7
11550,3
11551,5
11552,9
11553,4
11554,2
11555,3
11556,2
11557,2
11558,2
11559,6
11560,5
11561,0
11562,7
11563,7
11564,3
11565,9
11566,8
11567,5
11568,0
11569,5
11570,9
11571,0
11572,6
11573,3
11574,3
11575,5
11576,7
11577,2
11578,6
11579,1
11580,7
11581,1
11582,8
11583,8
11584,1
11585,2
11586,0
11587,3
11588,5
11589,0
11590,1
11591,8
11592,3
11593,3
11594,3
11595,9
11596,8
11597,4
11598,1
11599,1
11600,3
11601,5
11602,1
11603,7
11604,4
11605,1
11606,5
11607,9
11608,9
11609,0
11610,7
11611,7
11612,6
11613,4
11614,1
11615,6
11616,7
11617,7
11618,8
11619,2
11620,1
11621,9
11622,4
11623,4
11624,9
11625,5
11626,3
11627,4
11628,9
11629,4
11630,7
11631,3
11632,9
11633,7
11634,1
11635,6
11636,5
11637,7
11638,8
11639,0
11640,1
11641,9
11642,6
11643,2
11644,6
11645,1
11646,0
11647,2
11648,4
11649,4
11650,6
11651,1
11652,1
11653,2
11654,8
11655,1
11656,6
11657,4
11658,7
11659,7
11660,1
11661,6
11662,8
11663,2
11664,9
11665,2
11666,7
11667,8
11668,6
11669,6
11670,4
11671,2
11672,5
11673,5
11674,2
11675,5
11676,7
11677,6
11678,7
11679,9
11680,9
11681,2
11682,0
11683,8
11684,9
11685,4
11686,5
11687,3
11688,8
11689,2
11690,3
11691,0
11692,4
11693,5
11694,1
11695,7
11696,9
11697,6
11698,3
11699,5
11700,9
11701,1
11702,5
11703,9
11704,7
11705,8
11706,0
11707,4
11708,5
11709,0
11710,6
11711,0
11712,6
11713,5
11714,1
11715,2
11716,6
11717,0
11718,2
11719,2
11720,9
11721,8
11722,1
11723,6
11724,2
11725,1
11726,9
11727,4
11728,8
11729,4
11730,7
11731,9
11732,9
11733,7
11734,1
11735,6
11736,7
11737,9
11738,9
11739,2
11740,4
11741,4
11742,3
11743,5
11744,3
11745,8
11746,6
11747,3
11748,6
11749,7
11750,2
11751,4
11752,6
11753,6
11754,4
11755,1
11756,9
11757,1
11758,6
11759,5
11760,2
11761,8
11762,5
11763,5
11764,9
11765,6
11766,0
11767,6
11768,9
11769,2
11770,5
11771,7
11772,6
11773,4
11774,2
11775,7
11776,7
11777,3
11778,5
11779,6
11780,6
11781,5
11782,9
11783,4
11784,5
11785,4
11786,0
11787,5
11788,5
11789,1
11790,8
11791,1
11792,2
11793,1
11794,1
11795,2
11796,3
11797,6
11798,8
11799,2
11800,1
11801,2
11802,5
11803,4
11804,2
11805,1
11806,2
11807,8
11808,6
11809,8
11810,8
11811,6
11812,0
11813,9
11814,7
11815,6
11816,2
11817,4
11818,3
11819,2
11820,9
11821,7
11822,3
11823,4
11824,6
11825,8
11826,1
11827,8
11828,8
11829,7
11830,1
11831,4
11832,3
11833,2
11834,9
11835,8
11836,8
11837,0
11838,5
11839,7
11840,3
11841,1
11842,8
11843,3
11844,3
11845,7
11846,0
11847,3
11848,7
11849,1
11850,1
11851,8
11852,3
11853,0
11854,4
11855,9
11856,6
11857,1
11858,8
11859,9
11860,0
11861,6
11862,7
11863,8
11864,9
11865,0
11866,2
11867,3
11868,3
11869,1
11870,9
11871,7
11872,6
11873,6
11874,3
11875,0
11876,2
11877,3
11878,2
11879,6
11880,5
11881,9
11882,7
11883,1
11884,7
11885,1
11886,5
11887,5
11888,1
11889,6
11890,1
11891,4
11892,2
11893,9
11894,7
11895,8
11896,4
11897,7
11898,5
11899,1
11900,4
11901,5
11902,2
11903,5
11904,1
11905,9
11906,0
11907,7
11908,1
11909,7
11910,3
11911,0
11912,6
11913,0
11914,6
11915,8
11916,5
11917,4
11918,1
11919,1
11920,1
11921,0
11922,7
11923,3
11924,3
11925,7
11926,4
11927,6
11928,7
11929,3
11930,1
11931,6
11932,5
11933,8
11934,7
11935,7
11936,4
11937,9
11938,1
11939,3
11940,4
11941,9
11942,1
11943,4
11944,1
11945,8
11946,2
11947,3
11948,6
11949,7
11950,1
11951,3
11952,4
11953,1
11954,0
11955,0
11956,8
11957,9
11958,6
11959,5
11960,0
11961,5
11962,5
11963,4
11964,0
11965,6
11966,4
11967,4
11968,0
11969,2
11970,8
11971,9
11972,1
11973,9
11974,7
11975,3
11976,2
11977,3
11978,3
11979,7
11980,4
11981,8
11982,8
11983,2
11984,5
11985,2
11986,8
11987,6
11988,0
11989,1
11990,6
11991,3
11992,9
11993,5
11994,0
11995,6
11996,7
11997,3
11998,8
11999,5
12000,5
12001,9
12002,8
12003,8
12004,5
12005,5
12006,1
12007,3
12008,7
12009,5
12010,2
12011,9
12012,5
12013,4
12014,6
12015,7
12016,3
12017,2
12018,0
12019,9
12020,5
12021,0
12022,2
12023,4
12024,0
12025,1
12026,1
12027,0
12028,8
12029,5
12030,3
12031,6
12032,9
12033,6
12034,1
12035,1
12036,7
12037,3
12038,0
12039,6
12040,7
12041,5
12042,0
12043,1
12044,1
12045,1
12046,5
12047,4
12048,5
12049,2
12050,4
12051,2
12052,8
12053,9
12054,1
12055,3
12056,5
12057,1
12058,7
12059,6
12060,5
12061,1
12062,1
12063,9
12064,4
12065,0
12066,7
12067,2
12068,5
12069,9
12070,2
12071,9
12072,2
12073,1
12074,5
12075,2
12076,0
12077,4
12078,3
12079,9
12080,8
12081,7
12082,0
12083,4
12084,9
12085,8
12086,2
12087,3
12088,7
12089,0
12090,1
12091,3
12092,4
12093,5
12094,7
12095,0
12096,3
12097,4
12098,0
12099,6
12100,4
12101,3
12102,7
12103,3
12104,7
12105,4
12106,9
12107,9
12108,7
12109,7
12110,1
12111,3
12112,6
12113,5
12114,8
12115,1
12116,0
12117,8
12118,9
12119,0
12120,1
12121,0
12122,8
12123,7
12124,5
12125,4
12126,4
12127,1
12128,3
12129,2
12130,7
12131,1
12132,2
12133,0
12134,3
12135,0
12136,6
12137,8
12138,7
12139,1
12140,3
12141,3
12142,1
12143,3
12144,8
12145,0
12146,5
12147,8
12148,1
12149,1
12150,8
12151,9
12152,1
12153,1
12154,7
12155,2
12156,2
12157,3
12158,4
12159,0
12160,1
12161,5
12162,6
12163,3
12164,3
12165,3
12166,7
12167,7
12168,1
12169,0
12170,5
12171,8
12172,7
12173,3
12174,9
12175,1
12176,9
12177,2
12178,3
12179,8
12180,9
12181,6
12182,5
12183,2
12184,2
12185,6
12186,2
12187,9
12188,2
12189,2
12190,0
12191,2
12192,9
12193,5
12194,1
12195,9
12196,8
12197,8
12198,5
12199,7
12200,1
12201,8
12202,4
12203,1
12204,4
12205,3
12206,1
12207,1
12208,8
12209,6
12210,4
12211,2
12212,0
12213,1
12214,8
12215,7
12216,2
12217,7
12218,8
12219,8
12220,1
12221,7
12222,1
12223,2
12224,4
12225,3
12226,1
12227,6
12228,5
12229,0
12230,2
12231,9
12232,1
12233,5
12234,9
12235,7
12236,5
12237,3
12238,9
12239,7
12240,2
12241,2
12242,2
12243,6
12244,1
12245,1
12246,3
12247,9
12248,0
12249,0
12250,7
12251,6
12252,5
12253,6
12254,4
12255,2
12256,8
12257,5
12258,3
12259,6
12260,6
12261,1
12262,1
12263,2
12264,6
12265,1
12266,6
12267,7
12268,2
12269,0
12270,1
12271,8
12272,9
12273,1
12274,7
12275,8
12276,7
12277,3
12278,7
12279,0
12280,0
12281,1
12282,5
12283,5
12284,8
12285,4
12286,4
12287,4
12288,4
12289,9
12290,9
12291,2
12292,0
12293,3
12294,1
12295,7
12296,1
12297,5
12298,2
12299,7
12300,2
12301,4
12302,3
12303,3
12304,5
12305,3
12306,8
12307,0
12308,8
12309,9
12310,7
12311,1
12312,9
12313,0
12314,8
12315,6
12316,6
12317,5
12318,9
12319,0
12320,2
12321,1
12322,4
12323,9
12324,8
12325,5
12326,7
12327,1
12328,8
12329,5
12330,1
12331,0
12332,4
12333,2
12334,4
12335,7
12336,3
12337,1
12338,9
12339,6
12340,0
12341,9
12342,9
12343,1
12344,2
12345,4
12346,1
12347,6
12348,9
12349,6
12350,1
12351,6
12352,4
12353,3
12354,9
12355,9
12356,0
12357,2
12358,7
12359,6
12360,6
12361,6
12362,0
12363,7
12364,4
12365,8
12366,4
12367,3
12368,4
12369,0
12370,0
12371,4
12372,7
12373,1
12374,5
12375,3
12376,0
12377,1
12378,6
12379,6
12380,7
12381,1
12382,2
12383,0
12384,9
12385,2
12386,4
12387,1
12388,5
12389,4
12390,7
12391,1
12392,4
12393,1
12394,7
12395,2
12396,1
12397,5
12398,2
12399,7
12400,1
12401,3
12402,2
12403,1
12404,1
12405,8
12406,4
12407,9
12408,5
12409,4
12410,0
12411,4
12412,6
12413,2
12414,0
12415,9
12416,6
12417,4
12418,4
12419,5
12420,3
12421,2
12422,5
12423,9
12424,1
12425,7
12426,5
12427,0
12428,0
12429,8
12430,3
12431,0
12432,0
12433,7
12434,3
12435,1
12436,3
12437,9
12438,5
12439,3
12440,3
12441,7
12442,2
12443,9
12444,0
12445,8
12446,2
12447,8
12448,0
12449,7
12450,1
12451,7
12452,6
12453,3
12454,0
12455,6
12456,4
12457,3
12458,7
12459,6
12460,7
12461,4
12462,2
12463,0
12464,9
12465,2
12466,2
12467,6
12468,2
12469,8
12470,6
12471,4
12472,5
12473,2
12474,3
12475,6
12476,9
12477,8
12478,5
12479,5
12480,2
12481,4
12482,2
12483,1
12484,5
12485,3
12486,8
12487,6
12488,9
12489,2
12490,6
12491,1
12492,4
12493,6
12494,5
12495,1
12496,1
12497,7
12498,3
12499,8
12500,3
12501,8
12502,8
12503,1
12504,9
12505,8
12506,1
12507,6
12508,8
12509,4
12510,2
12511,2
12512,8
12513,3
12514,3
12515,4
12516,5
12517,2
12518,7
12519,0
12520,3
12521,9
12522,5
12523,4
12524,7
12525,4
12526,8
12527,0
12528,2
12529,9
12530,3
12531,1
12532,8
12533,4
12534,8
12535,0
12536,1
12537,7
12538,0
12539,4
12540,5
12541,3
12542,8
12543,0
12544,5
12545,1
12546,3
12547,6
12548,9
12549,6
12550,5
12551,4
12552,7
12553,1
12554,5
12555,6
12556,5
12557,2
12558,1
12559,0
12560,6
12561,2
12562,2
12563,9
12564,9
12565,1
12566,6
12567,3
12568,3
12569,3
12570,7
12571,2
12572,9
12573,8
12574,5
12575,0
12576,1
12577,6
12578,6
12579,0
12580,1
12581,1
12582,8
12583,7
12584,9
12585,4
12586,9
12587,9
12588,0
12589,8
12590,8
12591,6
12592,7
12593,1
12594,4
12595,3
12596,6
12597,8
12598,8
12599,1
12600,1
12601,6
12602,9
12603,8
12604,1
12605,1
12606,1
12607,6
12608,1
12609,6
12610,9
12611,3
12612,3
12613,0
12614,5
12615,7
12616,7
12617,5
12618,7
12619,5
12620,5
12621,2
12622,0
12623,0
12624,1
12625,3
12626,4
12627,8
12628,8
12629,8
12630,7
12631,7
12632,2
12633,8
12634,6
12635,4
12636,0
12637,4
12638,8
12639,0
12640,6
12641,6
12642,9
12643,5
12644,1
12645,0
12646,6
12647,1
12648,6
12649,7
12650,1
12651,3
12652,2
12653,4
12654,0
12655,7
12656,9
12657,3
12658,4
12659,4
12660,3
12661,2
12662,5
12663,0
12664,4
12665,5
12666,5
12667,6
12668,8
12669,5
12670,6
12671,4
12672,4
12673,8
12674,6
12675,0
12676,9
12677,4
12678,1
12679,7
12680,3
12681,1
12682,7
12683,9
12684,9
12685,9
12686,2
12687,8
12688,0
12689,5
12690,1
12691,4
12692,3
12693,2
12694,4
12695,8
12696,1
12697,5
12698,8
12699,1
12700,4
12701,4
12702,1
12703,7
12704,7
12705,5
12706,6
12707,3
12708,2
12709,0
12710,3
12711,9
12712,1
12713,9
12714,4
12715,5
12716,1
12717,3
12718,9
12719,9
12720,4
12721,3
12722,2
12723,8
12724,1
12725,8
12726,6
12727,7
12728,1
12729,9
12730,0
12731,2
12732,0
12733,9
12734,0
12735,6
12736,1
12737,5
12738,0
12739,8
12740,0
12741,9
12742,3
12743,8
12744,1
12745,8
12746,7
12747,1
12748,8
12749,6
12750,6
12751,4
12752,0
12753,8
12754,6
12755,3
12756,7
12757,9
12758,2
12759,2
12760,5
12761,1
12762,4
12763,3
12764,3
12765,6
12766,9
12767,1
12768,0
12769,7
12770,2
12771,5
12772,4
12773,7
12774,5
12775,1
12776,9
12777,9
12778,3
12779,4
12780,3
12781,3
12782,8
12783,8
12784,7
12785,0
12786,8
12787,3
12788,7
12789,2
12790,1
12791,8
12792,6
12793,1
12794,2
12795,7
12796,9
12797,1
12798,0
12799,6
12800,5
12801,0
12802,2
12803,3
12804,9
12805,1
12806,7
12807,0
12808,8
12809,6
12810,2
12811,4
12812,9
12813,5
12814,7
12815,2
12816,9
12817,2
12818,3
12819,8
12820,2
12821,1
12822,7
12823,5
12824,1
12825,4
12826,5
12827,1
12828,8
12829,1
12830,7
12831,4
12832,4
12833,1
12834,3
12835,7
12836,0
12837,5
12838,2
12839,7
12840,2
12841,6
12842,5
12843,1
12844,1
12845,5
12846,1
12847,8
12848,4
12849,2
12850,5
12851,5
12852,8
12853,7
12854,6
12855,4
12856,0
12857,7
12858,9
12859,8
12860,6
12861,0
12862,8
12863,2
12864,4
12865,2
12866,2
12867,6
12868,4
12869,2
12870,2
12871,8
12872,8
12873,3
12874,9
12875,9
12876,1
12877,4
12878,0
12879,2
12880,1
12881,0
12882,0
12883,0
12884,9
12885,2
12886,3
12887,8
12888,3
12889,1
12890,9
12891,3
12892,0
12893,2
12894,8
12895,6
12896,0
12897,8
12898,7
12899,4
12900,5
12901,6
12902,2
12903,8
12904,4
12905,3
12906,0
12907,0
12908,0
12909,7
12910,7
12911,8
12912,4
12913,8
12914,6
12915,4
12916,2
12917,1
12918,2
12919,0
12920,6
12921,7
12922,4
12923,3
12924,5
12925,2
12926,0
12927,0
12928,4
12929,4
12930,9
12931,8
12932,5
12933,1
12934,4
12935,1
12936,2
12937,1
12938,5
12939,4
12940,9
12941,9
12942,5
12943,1
12944,8
12945,1
12946,5
12947,7
12948,4
12949,5
12950,6
12951,7
12952,6
12953,3
12954,8
12955,3
12956,4
12957,2
12958,3
12959,6
12960,3
12961,6
12962,8
12963,3
12964,4
12965,2
12966,4
12967,0
12968,1
12969,9
12970,1
12971,7
12972,7
12973,2
12974,7
12975,2
12976,4
12977,1
12978,0
12979,4
12980,6
12981,2
12982,5
12983,6
12984,0
12985,3
12986,1
12987,4
12988,1
12989,2
12990,1
12991,5
12992,5
12993,7
12994,4
12995,3
12996,0
12997,3
12998,7
12999,0
13000,2
13001,8
13002,6
13003,1
13004,8
13005,4
13006,0
13007,9
13008,0
13009,4
13010,1
13011,5
13012,3
13013,9
13014,4
13015,6
13016,5
13017,0
13018,5
13019,0
13020,1
13021,4
13022,8
13023,1
13024,0
13025,5
13026,8
13027,9
13028,6
13029,5
13030,4
13031,5
13032,5
13033,8
13034,3
13035,1
13036,9
13037,9
13038,2
13039,0
13040,3
13041,9
13042,3
13043,4
13044,3
13045,0
13046,6
13047,6
13048,5
13049,9
13050,3
13051,9
13052,2
13053,5
13054,9
13055,6
13056,3
13057,6
13058,9
13059,8
13060,2
13061,6
13062,8
13063,4
13064,1
13065,1
13066,3
13067,5
13068,8
13069,0
13070,4
13071,5
13072,4
13073,0
13074,2
13075,0
13076,6
13077,2
13078,1
13079,2
13080,3
13081,1
13082,1
13083,0
13084,5
13085,4
13086,4
13087,0
13088,6
13089,7
13090,1
13091,7
13092,2
13093,3
13094,6
13095,4
13096,8
13097,1
13098,8
13099,3
13100,7
13101,0
13102,2
13103,9
13104,5
13105,1
13106,3
13107,8
13108,6
13109,9
13110,7
13111,8
13112,0
13113,2
13114,9
13115,9
13116,9
13117,1
13118,0
13119,1
13120,5
13121,5
13122,4
13123,2
13124,4
13125,5
13126,3
13127,8
13128,6
13129,7
13130,7
13131,8
13132,2
13133,5
13134,1
13135,1
13136,2
13137,5
13138,0
13139,6
13140,9
13141,8
13142,8
13143,7
13144,1
13145,8
13146,9
13147,9
13148,2
13149,1
13150,3
13151,9
13152,2
13153,3
13154,4
13155,6
13156,1
13157,0
13158,9
13159,4
13160,1
13161,2
13162,3
13163,7
13164,9
13165,7
13166,6
13167,7
13168,6
13169,3
13170,4
13171,9
13172,6
13173,6
13174,9
13175,0
13176,4
13177,7
13178,7
13179,8
13180,9
13181,3
13182,0
13183,3
13184,2
13185,2
13186,4
13187,3
13188,0
13189,7
13190,9
13191,6
13192,1
13193,0
13194,8
13195,3
13196,3
13197,5
13198,2
13199,1
13200,2
13201,2
13202,2
13203,7
13204,1
13205,8
13206,3
13207,5
13208,5
13209,3
13210,6
13211,2
13212,2
13213,0
13214,1
13215,7
13216,5
13217,3
13218,7
13219,0
13220,1
13221,3
13222,9
13223,4
13224,8
13225,1
13226,1
13227,4
13228,3
13229,7
13230,2
13231,7
13232,3
13233,4
13234,7
13235,1
13236,0
13237,5
13238,6
13239,9
13240,7
13241,9
13242,0
13243,5
13244,9
13245,3
13246,4
13247,4
13248,5
13249,9
13250,9
13251,9
13252,4
13253,5
13254,2
13255,7
13256,3
13257,0
13258,3
13259,3
13260,8
13261,1
13262,4
13263,8
13264,1
13265,6
13266,0
13267,1
13268,6
13269,8
13270,0
13271,7
13272,7
13273,3
13274,6
13275,1
13276,0
13277,6
13278,3
13279,9
13280,3
13281,4
13282,7
13283,5
13284,6
13285,4
13286,2
13287,2
13288,2
13289,5
13290,3
13291,7
13292,8
13293,0
13294,0
13295,6
13296,1
13297,6
13298,4
13299,4
13300,0
13301,4
13302,0
13303,5
13304,5
13305,1
13306,7
13307,1
13308,4
13309,1
13310,8
13311,4
13312,9
13313,8
13314,0
13315,3
13316,5
13317,7
13318,4
13319,4
13320,6
13321,5
13322,8
13323,6
13324,9
13325,3
13326,8
13327,5
13328,6
13329,1
13330,9
13331,9
13332,2
13333,7
13334,7
13335,2
13336,7
13337,2
13338,2
13339,0
13340,6
13341,7
13342,0
13343,1
13344,5
13345,6
13346,2
13347,6
13348,7
13349,5
13350,5
13351,7
13352,6
13353,9
13354,7
13355,9
13356,4
13357,1
13358,3
13359,2
13360,6
13361,1
13362,5
13363,9
13364,9
13365,7
13366,8
13367,7
13368,0
13369,5
13370,4
13371,5
13372,7
13373,6
13374,5
13375,6
13376,0
13377,4
13378,7
13379,5
13380,1
13381,0
13382,1
13383,1
13384,9
13385,4
13386,8
13387,3
13388,5
13389,1
13390,7
13391,4
13392,4
13393,2
13394,9
13395,9
13396,5
13397,1
13398,7
13399,5
13400,9
13401,6
13402,2
13403,1
13404,4
13405,1
13406,5
13407,3
13408,9
13409,7
13410,7
13411,4
13412,3
13413,2
13414,6
13415,9
13416,1
13417,3
13418,5
13419,7
13420,0
13421,3
13422,4
13423,3
13424,5
13425,9
13426,1
13427,6
13428,5
13429,7
13430,2
13431,0
13432,0
13433,5
13434,2
13435,2
13436,8
13437,4
13438,4
13439,4
13440,4
13441,2
13442,4
13443,5
13444,9
13445,3
13446,9
13447,6
13448,7
13449,4
13450,0
13451,3
13452,4
13453,8
13454,7
13455,6
13456,1
13457,8
13458,7
13459,6
13460,0
13461,3
13462,0
13463,3
13464,5
13465,3
13466,4
13467,2
13468,8
13469,8
13470,0
13471,2
13472,8
13473,3
13474,9
13475,2
13476,9
13477,7
13478,8
13479,2
13480,6
13481,1
13482,2
13483,4
13484,1
13485,3
13486,4
13487,3
13488,2
13489,0
13490,8
13491,8
13492,4
13493,6
13494,8
13495,0
13496,7
13497,0
13498,5
13499,1
13500,2
13501,2
13502,0
13503,7
13504,6
13505,4
13506,1
13507,8
13508,7
13509,8
13510,2
13511,4
13512,2
13513,0
13514,2
13515,3
13516,5
13517,0
13518,5
13519,7
13520,4
13521,1
13522,7
13523,2
13524,9
13525,9
13526,1
13527,5
13528,0
13529,2
13530,0
13531,3
13532,3
13533,6
13534,4
13535,9
13536,4
13537,8
13538,6
13539,5
13540,2
13541,9
13542,0
13543,8
13544,1
13545,9
13546,8
13547,2
13548,5
13549,6
13550,7
13551,4
13552,8
13553,3
13554,4
13555,5
13556,2
13557,6
13558,4
13559,1
13560,3
13561,0
13562,2
13563,3
13564,2
13565,7
13566,2
13567,2
13568,6
13569,6
13570,0
13571,1
13572,4
13573,6
13574,1
13575,0
13576,2
13577,7
13578,0
13579,6
13580,1
13581,1
13582,9
13583,5
13584,6
13585,7
13586,6
13587,2
13588,5
13589,0
13590,3
13591,9
13592,9
13593,2
13594,6
13595,2
13596,9
13597,7
13598,9
13599,3
13600,2
13601,7
13602,4
13603,1
13604,4
13605,8
13606,7
13607,8
13608,4
13609,5
13610,8
13611,5
13612,6
13613,0
13614,8
13615,9
13616,3
13617,1
13618,6
13619,4
13620,6
13621,6
13622,5
13623,1
13624,8
13625,6
13626,8
13627,3
13628,7
13629,1
13630,1
13631,3
13632,6
13633,0
13634,4
13635,5
13636,0
13637,3
13638,9
13639,9
13640,6
13641,3
13642,7
13643,4
13644,3
13645,4
13646,1
13647,7
13648,2
13649,5
13650,6
13651,4
13652,6
13653,6
13654,5
13655,9
13656,4
13657,1
13658,8
13659,2
13660,3
13661,6
13662,0
13663,7
13664,7
13665,7
13666,3
13667,5
13668,0
13669,1
13670,4
13671,6
13672,0
13673,6
13674,8
13675,5
13676,5
13677,1
13678,9
13679,2
13680,5
13681,3
13682,3
13683,3
13684,7
13685,1
13686,0
13687,2
13688,2
13689,3
13690,2
13691,9
13692,3
13693,1
13694,8
13695,0
13696,5
13697,3
13698,8
13699,5
13700,0
13701,1
13702,7
13703,8
13704,1
13705,0
13706,1
13707,2
13708,6
13709,8
13710,2
13711,7
13712,4
13713,7
13714,7
13715,0
13716,5
13717,9
13718,9
13719,6
13720,1
13721,6
13722,7
13723,7
13724,3
13725,5
13726,3
13727,9
13728,0
13729,8
13730,2
13731,5
13732,4
13733,9
13734,2
13735,6
13736,1
13737,7
13738,4
13739,9
13740,0
13741,9
13742,7
13743,1
13744,9
13745,2
13746,7
13747,4
13748,6
13749,3
13750,3
13751,9
13752,7
13753,8
13754,1
13755,1
13756,0
13757,2
13758,9
13759,2
13760,5
13761,5
13762,5
13763,6
13764,5
13765,0
13766,9
13767,5
13768,5
13769,0
13770,0
13771,1
13772,7
13773,0
13774,1
13775,6
13776,7
13777,6
13778,2
13779,2
13780,9
13781,0
13782,0
13783,5
13784,3
13785,4
13786,6
13787,4
13788,2
13789,0
13790,7
13791,1
13792,2
13793,6
13794,2
13795,2
13796,6
13797,7
13798,5
13799,0
13800,2
13801,8
13802,4
13803,0
13804,8
13805,2
13806,6
13807,5
13808,9
13809,7
13810,8
13811,9
13812,5
13813,3
13814,9
13815,1
13816,1
13817,3
13818,5
13819,9
13820,4
13821,2
13822,5
13823,0
13824,1
13825,4
13826,0
13827,3
13828,6
13829,6
13830,0
13831,7
13832,8
13833,9
13834,7
13835,5
13836,3
13837,8
13838,7
13839,9
13840,1
13841,1
13842,6
13843,3
13844,3
13845,4
13846,0
13847,1
13848,1
13849,7
13850,8
13851,5
13852,7
13853,6
13854,5
13855,5
13856,9
13857,8
13858,0
13859,5
13860,1
13861,5
13862,6
13863,0
13864,4
13865,8
13866,2
13867,6
13868,7
13869,5
13870,5
13871,9
13872,6
13873,9
13874,7
13875,1
13876,8
13877,8
13878,4
13879,7
13880,2
13881,3
13882,7
13883,9
13884,0
13885,0
13886,1
13887,9
13888,5
13889,3
13890,8
13891,9
13892,6
13893,4
13894,5
13895,7
13896,8
13897,5
13898,5
13899,6
13900,0
13901,6
13902,8
13903,4
13904,2
13905,2
13906,8
13907,8
13908,8
13909,7
13910,7
13911,3
13912,7
13913,2
13914,7
13915,1
13916,4
13917,6
13918,8
13919,4
13920,9
13921,5
13922,3
13923,1
13924,8
13925,6
13926,4
13927,5
13928,1
13929,6
13930,6
13931,4
13932,3
13933,3
13934,0
13935,8
13936,0
13937,3
13938,1
13939,6
13940,2
13941,6
13942,1
13943,6
13944,7
13945,6
13946,0
13947,6
13948,4
13949,8
13950,4
13951,6
13952,7
13953,4
13954,8
13955,8
13956,7
13957,4
13958,3
13959,1
13960,0
13961,8
13962,4
13963,0
13964,1
13965,8
13966,9
13967,6
13968,0
13969,6
13970,9
13971,9
13972,1
13973,9
13974,4
13975,2
13976,0
13977,9
13978,9
13979,1
13980,2
13981,4
13982,6
13983,3
13984,8
13985,1
13986,7
13987,5
13988,7
13989,2
13990,5
13991,8
13992,0
13993,0
13994,6
13995,3
13996,9
13997,3
13998,5
13999,4
14000,0
14001,3
14002,4
14003,3
14004,6
14005,7
14006,0
14007,0
14008,5
14009,8
14010,4
14011,6
14012,2
14013,2
14014,2
14015,1
14016,4
14017,6
14018,1
14019,6
14020,4
14021,4
14022,6
14023,6
14024,4
14025,0
14026,0
14027,4
14028,6
14029,4
14030,9
14031,9
14032,3
14033,5
14034,3
14035,1
14036,2
14037,1
14038,5
14039,1
14040,8
14041,4
14042,5
14043,3
14044,1
14045,9
14046,8
14047,2
14048,0
14049,2
14050,9
14051,2
14052,8
14053,3
14054,7
14055,6
14056,9
14057,6
14058,1
14059,3
14060,0
14061,1
14062,3
14063,7
14064,7
14065,9
14066,6
14067,0
14068,4
14069,5
14070,5
14071,6
14072,8
14073,3
14074,8
14075,3
14076,5
14077,7
14078,6
14079,3
14080,7
14081,7
14082,3
14083,4
14084,8
14085,1
14086,2
14087,8
14088,8
14089,8
14090,1
14091,5
14092,6
14093,5
14094,2
14095,5
14096,5
14097,1
14098,6
14099,6
14100,1
14101,4
14102,3
14103,0
14104,0
14105,3
14106,7
14107,2
14108,9
14109,0
14110,3
14111,2
14112,9
14113,3
14114,0
14115,6
14116,3
14117,2
14118,9
14119,6
14120,1
14121,8
14122,5
14123,7
14124,0
14125,1
14126,4
14127,1
14128,0
14129,8
14130,2
14131,9
14132,8
14133,0
14134,1
14135,4
14136,8
14137,7
14138,6
14139,3
14140,8
14141,4
14142,5
14143,0
14144,6
14145,6
14146,0
14147,5
14148,9
14149,0
14150,7
14151,4
14152,8
14153,3
14154,5
14155,9
14156,7
14157,9
14158,7
14159,1
14160,1
14161,1
14162,2
14163,0
14164,7
14165,5
14166,0
14167,2
14168,0
14169,8
14170,7
14171,1
14172,9
14173,8
14174,5
14175,2
14176,6
14177,1
14178,6
14179,9
14180,2
14181,3
14182,9
14183,8
14184,8
14185,9
14186,0
14187,2
14188,9
14189,4
14190,8
14191,5
14192,1
14193,0
14194,9
14195,0
14196,1
14197,7
14198,9
14199,4
14200,0
14201,1
14202,3
14203,9
14204,8
14205,7
14206,4
14207,5
14208,0
14209,1
14210,5
14211,8
14212,8
14213,1
14214,6
14215,9
14216,7
14217,0
14218,1
14219,7
14220,5
14221,5
14222,4
14223,6
14224,1
14225,8
14226,4
14227,9
14228,3
14229,9
14230,6
14231,9
14232,0
14233,0
14234,1
14235,8
14236,9
14237,3
14238,3
14239,2
14240,1
14241,1
14242,2
14243,9
14244,3
14245,1
14246,8
14247,5
14248,2
14249,3
14250,2
14251,5
14252,4
14253,8
14254,0
14255,5
14256,3
14257,6
14258,9
14259,3
14260,5
14261,8
14262,5
14263,6
14264,6
14265,0
14266,8
14267,9
14268,8
14269,0
14270,4
14271,1
14272,0
14273,1
14274,3
14275,1
14276,8
14277,6
14278,3
14279,1
14280,8
14281,0
14282,3
14283,8
14284,6
14285,9
14286,3
14287,1
14288,6
14289,1
14290,1
14291,6
14292,4
14293,3
14294,8
14295,6
14296,9
14297,4
14298,2
14299,8
14300,6
14301,7
14302,2
14303,7
14304,7
14305,6
14306,8
14307,3
14308,2
14309,0
14310,2
14311,0
14312,7
14313,5
14314,0
14315,9
14316,9
14317,6
14318,4
14319,5
14320,6
14321,1
14322,2
14323,0
14324,3
14325,9
14326,7
14327,6
14328,0
14329,3
14330,4
14331,1
14332,7
14333,7
14334,7
14335,1
14336,0
14337,0
14338,6
14339,0
14340,6
14341,5
14342,9
14343,7
14344,8
14345,2
14346,5
14347,1
14348,8
14349,8
14350,3
14351,8
14352,8
14353,9
14354,1
14355,2
14356,6
14357,6
14358,6
14359,9
14360,5
14361,3
14362,8
14363,6
14364,1
14365,3
14366,8
14367,6
14368,4
14369,3
14370,4
14371,9
14372,6
14373,0
14374,1
14375,0
14376,9
14377,2
14378,2
14379,1
14380,7
14381,5
14382,4
14383,1
14384,6
14385,0
14386,3
14387,8
14388,9
14389,9
14390,7
14391,8
14392,2
14393,5
14394,8
14395,5
14396,5
14397,2
14398,1
14399,8
14400,4
14401,1
14402,6
14403,9
14404,3
14405,9
14406,9
14407,1
14408,8
14409,7
14410,4
14411,1
14412,2
14413,2
14414,5
14415,6
14416,5
14417,8
14418,7
14419,3
14420,6
14421,1
14422,2
14423,6
14424,8
14425,1
14426,8
14427,6
14428,7
14429,4
14430,1
14431,9
14432,3
14433,4
14434,0
14435,9
14436,1
14437,1
14438,0
14439,1
14440,8
14441,1
14442,3
14443,9
14444,0
14445,2
14446,8
14447,5
14448,5
14449,0
14450,8
14451,8
14452,7
14453,7
14454,1
14455,9
14456,9
14457,0
14458,3
14459,4
14460,4
14461,6
14462,3
14463,0
14464,2
14465,4
14466,4
14467,7
14468,1
14469,4
14470,1
14471,9
14472,3
14473,8
14474,2
14475,0
14476,4
14477,7
14478,3
14479,2
14480,6
14481,7
14482,1
14483,5
14484,1
14485,1
14486,2
14487,4
14488,0
14489,0
14490,4
14491,8
14492,8
14493,5
14494,2
14495,5
14496,8
14497,5
14498,9
14499,0
14500,3
14501,2
14502,4
14503,8
14504,2
14505,0
14506,2
14507,4
14508,5
14509,1
14510,6
14511,8
14512,9
14513,1
14514,0
14515,3
14516,2
14517,6
14518,1
14519,1
14520,6
14521,8
14522,2
14523,9
14524,0
14525,0
14526,0
14527,8
14528,2
14529,4
14530,3
14531,2
14532,8
14533,2
14534,6
14535,7
14536,4
14537,6
14538,4
14539,3
14540,2
14541,0
14542,9
14543,8
14544,6
14545,4
14546,3
14547,0
14548,2
14549,0
14550,3
14551,0
14552,2
14553,9
14554,2
14555,1
14556,8
14557,4
14558,7
14559,7
14560,2
14561,7
14562,3
14563,1
14564,3
14565,7
14566,0
14567,3
14568,7
14569,2
14570,0
14571,2
14572,0
14573,7
14574,9
14575,1
14576,2
14577,0
14578,5
14579,6
14580,2
14581,3
14582,6
14583,2
14584,4
14585,9
14586,4
14587,5
14588,8
14589,9
14590,3
14591,7
14592,4
14593,2
14594,9
14595,4
14596,8
14597,6
14598,7
14599,0
14600,3
14601,8
14602,7
14603,1
14604,3
14605,1
14606,6
14607,5
14608,0
14609,6
14610,0
14611,1
14612,9
14613,6
14614,4
14615,0
14616,8
14617,8
14618,7
14619,4
14620,0
14621,9
14622,9
14623,6
14624,8
14625,0
14626,2
14627,4
14628,8
14629,4
14630,4
14631,1
14632,7
14633,1
14634,1
14635,9
14636,2
14637,2
14638,7
14639,6
14640,8
14641,0
14642,2
14643,0
14644,6
14645,0
14646,6
14647,9
14648,0
14649,3
14650,3
14651,7
14652,7
14653,9
14654,5
14655,0
14656,3
14657,8
14658,9
14659,8
14660,0
14661,1
14662,4
14663,6
14664,7
14665,9
14666,7
14667,7
14668,9
14669,7
14670,6
14671,2
14672,8
14673,2
14674,1
14675,4
14676,9
14677,7
14678,5
14679,8
14680,1
14681,2
14682,1
14683,1
14684,7
14685,1
14686,9
14687,3
14688,0
14689,1
14690,9
14691,9
14692,6
14693,0
14694,1
14695,8
14696,5
14697,0
14698,7
14699,4
14700,6
14701,6
14702,2
14703,9
14704,2
14705,1
14706,3
14707,5
14708,1
14709,9
14710,3
14711,8
14712,9
14713,3
14714,4
14715,1
14716,1
14717,8
14718,9
14719,9
14720,7
14721,5
14722,4
14723,1
14724,6
14725,0
14726,8
14727,2
14728,6
14729,0
14730,3
14731,0
14732,6
14733,8
14734,7
14735,2
14736,0
14737,3
14738,4
14739,7
14740,8
14741,4
14742,6
14743,2
14744,0
14745,5
14746,8
14747,2
14748,3
14749,3
14750,5
14751,1
14752,2
14753,1
14754,3
14755,8
14756,7
14757,2
14758,8
14759,2
14760,1
14761,0
14762,4
14763,4
14764,4
14765,2
14766,3
14767,6
14768,1
14769,4
14770,4
14771,1
14772,1
14773,6
14774,5
14775,7
14776,1
14777,5
14778,4
14779,1
14780,5
14781,9
14782,4
14783,3
14784,3
14785,3
14786,4
14787,0
14788,7
14789,4
14790,1
14791,3
14792,8
14793,1
14794,1
14795,6
14796,5
14797,7
14798,3
14799,4
14800,5
14801,4
14802,5
14803,6
14804,4
14805,3
14806,5
14807,7
14808,5
14809,9
14810,3
14811,8
14812,0
14813,8
14814,9
14815,6
14816,8
14817,5
14818,7
14819,9
14820,0
14821,9
14822,7
14823,2
14824,9
14825,1
14826,3
14827,8
14828,1
14829,4
14830,7
14831,3
14832,8
14833,1
14834,5
14835,7
14836,5
14837,0
14838,2
14839,7
14840,3
14841,1
14842,0
14843,1
14844,3
14845,2
14846,2
14847,2
14848,4
14849,0
14850,0
14851,4
14852,9
14853,5
14854,9
14855,1
14856,7
14857,0
14858,1
14859,4
14860,5
14861,8
14862,3
14863,0
14864,4
14865,0
14866,9
14867,6
14868,9
14869,0
14870,2
14871,0
14872,7
14873,3
14874,5
14875,6
14876,8
14877,2
14878,9
14879,1
14880,6
14881,1
14882,5
14883,1
14884,9
14885,1
14886,9
14887,5
14888,8
14889,7
14890,9
14891,6
14892,3
14893,8
14894,7
14895,9
14896,5
14897,3
14898,9
14899,3
14900,7
14901,1
14902,8
14903,7
14904,9
14905,3
14906,3
14907,9
14908,9
14909,0
14910,2
14911,3
14912,9
14913,4
14914,7
14915,6
14916,4
14917,3
14918,5
14919,1
14920,9
14921,7
14922,4
14923,4
14924,1
14925,5
14926,1
14927,0
14928,5
14929,9
14930,9
14931,1
14932,6
14933,5
14934,6
14935,4
14936,8
14937,3
14938,3
14939,3
14940,7
14941,9
14942,7
14943,5
14944,1
14945,2
14946,2
14947,0
14948,9
14949,9
14950,1
14951,5
14952,5
14953,7
14954,9
14955,4
14956,2
14957,1
14958,2
14959,8
14960,4
14961,0
14962,2
14963,8
14964,3
14965,2
14966,8
14967,8
14968,3
14969,4
14970,4
14971,1
14972,8
14973,1
14974,2
14975,0
14976,4
14977,4
14978,6
14979,9
14980,6
14981,1
14982,9
14983,0
14984,3
14985,5
14986,5
14987,5
14988,2
14989,8
14990,5
14991,8
14992,1
14993,0
14994,8
14995,9
14996,4
14997,4
14998,0
14999,8
15000,8
15001,2
15002,3
15003,4
15004,2
15005,7
15006,2
15007,0
15008,7
15009,6
15010,8
15011,9
15012,9
15013,0
15014,5
15015,9
15016,2
15017,3
15018,1
15019,9
15020,2
15021,9
15022,2
15023,0
15024,6
15025,9
15026,3
15027,7
15028,9
15029,7
15030,5
15031,2
15032,5
15033,8
15034,2
15035,1
15036,1
15037,2
15038,1
15039,4
15040,7
15041,4
15042,8
15043,7
15044,4
15045,9
15046,4
15047,0
15048,3
15049,9
15050,0
15051,2
15052,6
15053,1
15054,0
15055,8
15056,5
15057,5
15058,2
15059,2
15060,2
15061,1
15062,3
15063,5
15064,9
15065,3
15066,3
15067,6
15068,7
15069,3
15070,6
15071,4
15072,3
15073,8
15074,6
15075,2
15076,7
15077,9
15078,8
15079,2
15080,7
15081,3
15082,9
15083,7
15084,8
15085,1
15086,9
15087,8
15088,3
15089,8
15090,4
15091,2
15092,2
15093,6
15094,2
15095,8
15096,4
15097,2
15098,7
15099,8
15100,4
15101,6
15102,6
15103,9
15104,3
15105,4
15106,1
15107,0
15108,4
15109,3
15110,8
15111,2
15112,5
15113,0
15114,6
15115,1
15116,1
15117,9
15118,2
15119,7
15120,1
15121,5
15122,7
15123,3
15124,9
15125,9
15126,1
15127,3
15128,9
15129,7
15130,7
15131,2
15132,1
15133,8
15134,3
15135,8
15136,3
15137,9
15138,4
15139,2
15140,1
15141,4
15142,6
15143,7
15144,4
15145,6
15146,2
15147,6
15148,4
15149,1
15150,9
15151,7
15152,1
15153,6
15154,6
15155,3
15156,8
15157,4
15158,5
15159,6
15160,7
15161,3
15162,9
15163,8
15164,4
15165,6
15166,9
15167,0
15168,2
15169,9
15170,8
15171,1
15172,7
15173,2
15174,5
15175,3
15176,3
15177,7
15178,9
15179,3
15180,4
15181,5
15182,9
15183,9
15184,2
15185,8
15186,8
15187,6
15188,1
15189,1
15190,8
15191,2
15192,2
15193,9
15194,6
15195,8
15196,8
15197,5
15198,1
15199,8
15200,1
15201,8
15202,0
15203,6
15204,0
15205,3
15206,4
15207,3
15208,3
15209,6
15210,9
15211,3
15212,2
15213,0
15214,8
15215,3
15216,0
15217,1
15218,9
15219,6
15220,0
15221,8
15222,5
15223,1
15224,5
15225,7
15226,1
15227,3
15228,5
15229,5
15230,8
15231,0
15232,6
15233,2
15234,9
15235,6
15236,8
15237,2
15238,0
15239,7
15240,1
15241,2
15242,3
15243,1
15244,2
15245,4
15246,3
15247,8
15248,7
15249,3
15250,5
15251,0
15252,9
15253,4
15254,7
15255,2
15256,2
15257,9
15258,5
15259,9
15260,6
15261,8
15262,2
15263,2
15264,2
15265,1
15266,1
15267,2
15268,2
15269,8
15270,8
15271,5
15272,3
15273,9
15274,9
15275,0
15276,3
15277,1
15278,5
15279,3
15280,3
15281,0
15282,3
15283,8
15284,4
15285,5
15286,6
15287,0
15288,7
15289,7
15290,7
15291,6
15292,1
15293,5
15294,1
15295,2
15296,1
15297,4
15298,0
15299,4
15300,7
15301,0
15302,3
15303,7
15304,9
15305,8
15306,9
15307,6
15308,3
15309,1
15310,8
15311,8
15312,1
15313,5
15314,1
15315,0
15316,6
15317,6
15318,2
15319,5
15320,6
15321,1
15322,7
15323,1
15324,7
15325,0
15326,3
15327,3
15328,7
15329,9
15330,8
15331,0
15332,5
15333,8
15334,0
15335,1
15336,1
15337,1
15338,7
15339,7
15340,3
15341,3
15342,2
15343,4
15344,6
15345,9
15346,6
15347,5
15348,5
15349,1
15350,3
15351,5
15352,6
15353,7
15354,2
15355,1
15356,7
15357,5
15358,7
15359,4
15360,6
15361,7
15362,8
15363,1
15364,6
15365,3
15366,1
15367,5
15368,5
15369,9
15370,9
15371,9
15372,4
15373,6
15374,6
15375,1
15376,7
15377,8
15378,4
15379,4
15380,1
15381,3
15382,2
15383,9
15384,6
15385,8
15386,5
15387,9
15388,0
15389,2
15390,2
15391,7
15392,1
15393,3
15394,0
15395,6
15396,2
15397,6
15398,7
15399,9
15400,9
15401,3
15402,3
15403,4
15404,2
15405,1
15406,6
15407,5
15408,4
15409,0
15410,2
15411,4
15412,6
15413,2
15414,4
15415,6
15416,7
15417,3
15418,1
15419,4
15420,9
15421,5
15422,9
15423,4
15424,1
15425,5
15426,8
15427,1
15428,3
15429,5
15430,2
15431,7
15432,5
15433,2
15434,7
15435,1
15436,3
15437,4
15438,6
15439,8
15440,4
15441,4
15442,0
15443,4
15444,6
15445,4
15446,0
15447,8
15448,5
15449,9
15450,0
15451,3
15452,3
15453,3
15454,6
15455,8
15456,9
15457,0
15458,5
15459,9
15460,7
15461,6
15462,7
15463,2
15464,7
15465,7
15466,7
15467,5
15468,4
15469,5
15470,9
15471,6
15472,0
15473,2
15474,1
15475,5
15476,7
15477,9
15478,9
15479,0
15480,2
15481,0
15482,0
15483,4
15484,3
15485,6
15486,0
15487,2
15488,3
15489,2
15490,9
15491,1
15492,9
15493,2
15494,5
15495,4
15496,0
15497,9
15498,2
15499,4
15500,3
15501,1
15502,0
15503,2
15504,7
15505,6
15506,2
15507,3
15508,3
15509,7
15510,5
15511,3
15512,4
15513,0
15514,1
15515,4
15516,8
15517,7
15518,1
15519,1
15520,3
15521,5
15522,7
15523,3
15524,3
15525,3
15526,5
15527,7
15528,1
15529,7
15530,7
15531,5
15532,1
15533,5
15534,2
15535,5
15536,9
15537,8
15538,1
15539,8
15540,6
15541,7
15542,7
15543,2
15544,8
15545,3
15546,1
15547,7
15548,5
15549,4
15550,2
15551,6
15552,7
15553,3
15554,5
15555,4
15556,0
15557,7
15558,2
15559,4
15560,8
15561,2
15562,5
15563,1
15564,9
15565,8
15566,5
15567,1
15568,6
15569,3
15570,4
15571,9
15572,2
15573,6
15574,8
15575,4
15576,7
15577,1
15578,4
15579,4
15580,7
15581,6
15582,9
15583,4
15584,4
15585,2
15586,6
15587,3
15588,2
15589,7
15590,7
15591,2
15592,7
15593,1
15594,1
15595,7
15596,4
15597,0
15598,6
15599,2
15600,3
15601,9
15602,9
15603,9
15604,2
15605,7
15606,1
15607,6
15608,4
15609,1
15610,6
15611,7
15612,4
15613,6
15614,8
15615,7
15616,5
15617,4
15618,9
15619,2
15620,1
15621,2
15622,6
15623,6
15624,2
15625,3
15626,9
15627,3
15628,3
15629,7
15630,4
15631,8
15632,5
15633,7
15634,4
15635,5
15636,6
15637,8
15638,1
15639,3
15640,5
15641,6
15642,6
15643,2
15644,8
15645,2
15646,6
15647,8
15648,5
15649,3
15650,0
15651,0
15652,9
15653,9
15654,0
15655,1
15656,2
15657,9
15658,5
15659,3
15660,0
15661,9
15662,2
15663,7
15664,6
15665,1
15666,9
15667,7
15668,5
15669,8
15670,7
15671,0
15672,6
15673,3
15674,5
15675,3
15676,7
15677,0
15678,0
15679,4
15680,1
15681,6
15682,3
15683,1
15684,1
15685,5
15686,8
15687,4
15688,0
15689,3
15690,3
15691,1
15692,2
15693,8
15694,2
15695,7
15696,8
15697,9
15698,9
15699,7
15700,9
15701,1
15702,8
15703,8
15704,4
15705,4
15706,8
15707,7
15708,8
15709,5
15710,5
15711,2
15712,4
15713,8
15714,0
15715,3
15716,6
15717,8
15718,2
15719,4
15720,6
15721,2
15722,1
15723,1
15724,0
15725,7
15726,1
15727,5
15728,9
15729,3
15730,0
15731,5
15732,6
15733,7
15734,6
15735,1
15736,5
15737,2
15738,1
15739,3
15740,3
15741,7
15742,0
15743,8
15744,2
15745,4
15746,2
15747,5
15748,0
15749,8
15750,5
15751,9
15752,1
15753,3
15754,9
15755,5
15756,0
15757,0
15758,3
15759,6
15760,9
15761,0
15762,4
15763,9
15764,4
15765,1
15766,6
15767,2
15768,8
15769,1
15770,1
15771,4
15772,3
15773,8
15774,0
15775,2
15776,4
15777,6
15778,8
15779,5
15780,8
15781,5
15782,5
15783,6
15784,8
15785,4
15786,1
15787,2
15788,0
15789,3
15790,9
15791,6
15792,7
15793,8
15794,8
15795,9
15796,7
15797,8
15798,9
15799,6
15800,1
15801,3
15802,3
15803,4
15804,8
15805,3
15806,0
15807,1
15808,9
15809,1
15810,3
15811,0
15812,8
15813,6
15814,5
15815,4
15816,2
15817,7
15818,8
15819,3
15820,1
15821,9
15822,7
15823,8
15824,2
15825,1
15826,5
15827,0
15828,4
15829,0
15830,3
15831,5
15832,2
15833,9
15834,8
15835,1
15836,9
15837,2
15838,5
15839,2
15840,0
15841,4
15842,8
15843,3
15844,9
15845,0
15846,0
15847,6
15848,6
15849,7
15850,2
15851,7
15852,3
15853,3
15854,7
15855,9
15856,8
15857,3
15858,8
15859,8
15860,4
15861,6
15862,1
15863,8
15864,7
15865,2
15866,9
15867,6
15868,6
15869,4
15870,3
15871,8
15872,1
15873,4
15874,2
15875,4
15876,7
15877,5
15878,4
15879,9
15880,9
15881,2
15882,4
15883,5
15884,9
15885,4
15886,7
15887,1
15888,6
15889,6
15890,6
15891,2
15892,8
15893,4
15894,1
15895,5
15896,3
15897,3
15898,8
15899,3
15900,1
15901,2
15902,5
15903,3
15904,3
15905,6
15906,1
15907,7
15908,9
15909,7
15910,5
15911,0
15912,2
15913,5
15914,7
15915,8
15916,4
15917,7
15918,3
15919,7
15920,6
15921,6
15922,8
15923,3
15924,1
15925,4
15926,2
15927,2
15928,4
15929,9
15930,5
15931,1
15932,6
15933,6
15934,6
15935,7
15936,3
15937,8
15938,9
15939,0
15940,3
15941,4
15942,5
15943,0
15944,1
15945,6
15946,2
15947,1
15948,0
15949,9
15950,3
15951,8
15952,5
15953,5
15954,8
15955,8
15956,7
15957,0
15958,5
15959,7
15960,9
15961,5
15962,5
15963,6
15964,2
15965,2
15966,5
15967,2
15968,8
15969,5
15970,2
15971,9
15972,4
15973,3
15974,3
15975,8
15976,4
15977,4
15978,6
15979,6
15980,0
15981,4
15982,1
15983,5
15984,5
15985,1
15986,3
15987,9
15988,6
15989,2
15990,4
15991,5
15992,8
15993,1
15994,2
15995,7
15996,3
15997,6
15998,4
15999,2
16000,2
16001,4
16002,0
16003,1
16004,6
16005,6
16006,1
16007,7
16008,7
16009,2
16010,6
16011,5
16012,7
16013,4
16014,2
16015,8
16016,4
16017,4
16018,9
16019,3
16020,6
16021,1
16022,8
16023,1
16024,3
16025,9
16026,9
16027,3
16028,4
16029,2
16030,9
16031,9
16032,8
16033,3
16034,3
16035,4
16036,6
16037,9
16038,2
16039,6
16040,3
16041,3
16042,4
16043,4
16044,1
16045,1
16046,9
16047,5
16048,5
16049,1
16050,4
16051,1
16052,0
16053,0
16054,2
16055,7
16056,1
16057,1
16058,3
16059,8
16060,5
16061,2
16062,2
16063,6
16064,7
16065,8
16066,2
16067,9
16068,9
16069,6
16070,8
16071,2
16072,3
16073,6
16074,6
16075,2
16076,9
16077,0
16078,3
16079,6
16080,9
16081,5
16082,7
16083,1
16084,3
16085,7
16086,8
16087,2
16088,9
16089,7
16090,7
16091,9
16092,9
16093,5
16094,6
16095,8
16096,9
16097,1
16098,5
16099,3
16100,1
16101,8
16102,0
16103,7
16104,8
16105,0
16106,5
16107,9
16108,1
16109,8
16110,6
16111,2
16112,0
16113,6
16114,7
16115,7
16116,0
16117,5
16118,8
16119,1
16120,7
16121,1
16122,1
16123,3
16124,1
16125,7
16126,5
16127,5
16128,8
16129,3
16130,2
16131,3
16132,2
16133,9
16134,4
16135,6
16136,3
16137,7
16138,1
16139,5
16140,7
16141,8
16142,4
16143,8
16144,3
16145,0
16146,3
16147,4
16148,8
16149,0
16150,2
16151,8
16152,7
16153,4
16154,6
16155,3
16156,4
16157,9
16158,8
16159,6
16160,1
16161,7
16162,5
16163,9
16164,4
16165,6
16166,9
16167,2
16168,1
16169,7
16170,5
16171,7
16172,6
16173,4
16174,8
16175,6
16176,6
16177,5
16178,6
16179,5
16180,1
16181,5
16182,2
16183,6
16184,5
16185,0
16186,4
16187,1
16188,4
16189,2
16190,7
16191,8
16192,9
16193,8
16194,8
16195,0
16196,5
16197,2
16198,4
16199,9
16200,9
16201,9
16202,3
16203,3
16204,5
16205,9
16206,1
16207,0
16208,2
16209,7
16210,4
16211,1
16212,1
16213,8
16214,2
16215,7
16216,7
16217,2
16218,5
16219,0
16220,6
16221,8
16222,1
16223,5
16224,8
16225,4
16226,4
16227,8
16228,5
16229,3
16230,2
16231,1
16232,5
16233,7
16234,4
16235,4
16236,9
16237,2
16238,5
16239,8
16240,5
16241,3
16242,7
16243,7
16244,3
16245,3
16246,5
16247,7
16248,0
16249,7
16250,9
16251,4
16252,7
16253,6
16254,1
16255,9
16256,1
16257,9
16258,9
16259,7
16260,2
16261,2
16262,4
16263,7
16264,8
16265,0
16266,9
16267,4
16268,6
16269,7
16270,3
16271,5
16272,7
16273,7
16274,5
16275,9
16276,9
16277,0
16278,7
16279,8
16280,0
16281,6
16282,6
16283,5
16284,6
16285,8
16286,5
16287,4
16288,8
16289,5
16290,2
16291,8
16292,6
16293,8
16294,6
16295,7
16296,7
16297,9
16298,4
16299,4
16300,4
16301,1
16302,0
16303,6
16304,4
16305,6
16306,9
16307,5
16308,1
16309,6
16310,1
16311,7
16312,3
16313,7
16314,2
16315,6
16316,2
16317,4
16318,9
16319,8
16320,3
16321,3
16322,7
16323,6
16324,6
16325,9
16326,9
16327,1
16328,9
16329,2
16330,2
16331,6
16332,0
16333,3
16334,3
16335,6
16336,6
16337,1
16338,6
16339,1
16340,2
16341,8
16342,0
16343,0
16344,4
16345,3
16346,3
16347,7
16348,9
16349,3
16350,3
16351,5
16352,9
16353,8
16354,1
16355,8
16356,5
16357,8
16358,6
16359,2
16360,0
16361,6
16362,8
16363,0
16364,0
16365,2
16366,6
16367,5
16368,1
16369,1
16370,1
16371,8
16372,2
16373,4
16374,2
16375,8
16376,7
16377,9
16378,2
16379,9
16380,5
16381,2
16382,8
16383,2
16384,6
16385,5
16386,5
16387,8
16388,5
16389,8
16390,0
16391,0
16392,3
16393,2
16394,7
16395,7
16396,7
16397,8
16398,2
16399,1
16400,8
16401,1
16402,4
16403,4
16404,2
16405,7
16406,6
16407,8
16408,4
16409,7
16410,2
16411,7
16412,7
16413,5
16414,5
16415,8
16416,5
16417,5
16418,9
16419,3
16420,9
16421,7
16422,6
16423,0
16424,4
16425,5
16426,3
16427,6
16428,2
16429,4
16430,8
16431,3
16432,4
16433,5
16434,0
16435,9
16436,9
16437,0
16438,3
16439,5
16440,1
16441,1
16442,1
16443,9
16444,4
16445,8
16446,0
16447,8
16448,8
16449,2
16450,5
16451,2
16452,5
16453,4
16454,7
16455,0
16456,0
16457,2
16458,8
16459,1
16460,0
16461,4
16462,3
16463,4
16464,2
16465,5
16466,0
16467,7
16468,3
16469,6
16470,7
16471,7
16472,5
16473,3
16474,3
16475,2
16476,1
16477,6
16478,2
16479,4
16480,5
16481,6
16482,0
16483,6
16484,2
16485,1
16486,4
16487,7
16488,4
16489,0
16490,3
16491,1
16492,3
16493,5
16494,3
16495,7
16496,4
16497,0
16498,2
16499,4
16500,0
16501,2
16502,4
16503,2
16504,4
16505,3
16506,5
16507,3
16508,7
16509,6
16510,2
16511,6
16512,0
16513,1
16514,7
16515,4
16516,6
16517,4
16518,3
16519,1
16520,8
16521,2
16522,7
16523,5
16524,2
16525,5
16526,6
16527,0
16528,3
16529,0
16530,3
16531,5
16532,1
16533,5
16534,2
16535,8
16536,4
16537,3
16538,8
16539,8
16540,1
16541,5
16542,8
16543,4
16544,1
16545,7
16546,0
16547,4
16548,4
16549,1
16550,8
16551,7
16552,7
16553,4
16554,8
16555,3
16556,5
16557,3
16558,4
16559,2
16560,2
16561,8
16562,3
16563,1
16564,7
16565,3
16566,1
16567,4
16568,5
16569,4
16570,0
16571,8
16572,2
16573,8
16574,8
16575,3
16576,2
16577,8
16578,8
16579,7
16580,6
16581,3
16582,3
16583,3
16584,7
16585,1
16586,9
16587,6
16588,6
16589,7
16590,5
16591,9
16592,0
16593,2
16594,1
16595,4
16596,2
16597,4
16598,5
16599,1
16600,8
16601,6
16602,8
16603,7
16604,6
16605,2
16606,6
16607,9
16608,8
16609,9
16610,7
16611,4
16612,1
16613,4
16614,6
16615,2
16616,4
16617,3
16618,8
16619,8
16620,9
16621,7
16622,6
16623,3
16624,9
16625,8
16626,6
16627,3
16628,6
16629,0
16630,9
16631,6
16632,4
16633,2
16634,5
16635,4
16636,3
16637,5
16638,2
16639,0
16640,5
16641,3
16642,3
16643,9
16644,5
16645,5
16646,0
16647,0
16648,4
16649,5
16650,1
16651,9
16652,1
16653,1
16654,1
16655,4
16656,8
16657,6
16658,4
16659,4
16660,3
16661,0
16662,8
16663,5
16664,1
16665,4
16666,2
16667,4
16668,0
16669,1
16670,0
16671,3
16672,9
16673,0
16674,8
16675,8
16676,7
16677,0
16678,8
16679,8
16680,8
16681,6
16682,8
16683,5
16684,6
16685,6
16686,5
16687,9
16688,4
16689,6
16690,4
16691,2
16692,1
16693,5
16694,5
16695,2
16696,7
16697,0
16698,1
16699,0
16700,0
16701,9
16702,3
16703,2
16704,1
16705,6
16706,5
16707,7
16708,7
16709,5
16710,5
16711,2
16712,8
16713,3
16714,3
16715,2
16716,5
16717,8
16718,3
16719,3
16720,9
16721,9
16722,6
16723,4
16724,6
16725,2
16726,0
16727,4
16728,3
16729,6
16730,7
16731,5
16732,3
16733,2
16734,7
16735,7
16736,5
16737,6
16738,2
16739,3
16740,3
16741,6
16742,4
16743,6
16744,1
16745,3
16746,1
16747,7
16748,8
16749,2
16750,6
16751,6
16752,4
16753,4
16754,8
16755,6
16756,7
16757,5
16758,8
16759,5
16760,2
16761,8
16762,9
16763,8
16764,0
16765,9
16766,2
16767,9
16768,3
16769,2
16770,4
16771,0
16772,6
16773,6
16774,2
16775,4
16776,7
16777,8
16778,1
16779,3
16780,8
16781,1
16782,2
16783,7
16784,1
16785,8
16786,7
16787,9
16788,9
16789,4
16790,9
16791,4
16792,3
16793,7
16794,1
16795,2
16796,6
16797,8
16798,5
16799,1
16800,2
16801,1
16802,1
16803,0
16804,1
16805,6
16806,5
16807,2
16808,6
16809,2
16810,2
16811,3
16812,6
16813,9
16814,7
16815,4
16816,9
16817,0
16818,1
16819,1
16820,1
16821,1
16822,3
16823,5
16824,1
16825,1
16826,2
16827,3
16828,1
16829,2
16830,6
16831,1
16832,4
16833,0
16834,8
16835,0
16836,2
16837,1
16838,4
16839,4
16840,5
16841,7
16842,0
16843,8
16844,7
16845,8
16846,1
16847,3
16848,7
16849,2
16850,2
16851,2
16852,4
16853,2
16854,9
16855,2
16856,9
16857,1
16858,8
16859,2
16860,2
16861,5
16862,9
16863,4
16864,3
16865,7
16866,1
16867,0
16868,4
16869,4
16870,2
16871,9
16872,2
16873,0
16874,0
16875,5
16876,0
16877,1
16878,6
16879,0
16880,2
16881,7
16882,5
16883,0
16884,7
16885,4
16886,9
16887,9
16888,3
16889,6
16890,2
16891,4
16892,1
16893,3
16894,2
16895,3
16896,0
16897,0
16898,6
16899,5
16900,8
16901,7
16902,0
16903,6
16904,2
16905,0
16906,9
16907,9
16908,1
16909,5
16910,3
16911,5
16912,8
16913,9
16914,0
16915,7
16916,1
16917,5
16918,0
16919,1
16920,7
16921,0
16922,6
16923,4
16924,7
16925,7
16926,4
16927,9
16928,3
16929,8
16930,8
16931,9
16932,6
16933,7
16934,0
16935,0
16936,3
16937,3
16938,8
16939,7
16940,7
16941,4
16942,2
16943,1
16944,5
16945,7
16946,1
16947,7
16948,8
16949,2
16950,8
16951,0
16952,8
16953,3
16954,1
16955,0
16956,1
16957,5
16958,5
16959,6
16960,6
16961,6
16962,6
16963,1
16964,0
16965,8
16966,3
16967,7
16968,0
16969,5
16970,9
16971,6
16972,0
16973,2
16974,2
16975,5
16976,6
16977,1
16978,7
16979,5
16980,1
16981,7
16982,8
16983,1
16984,0
16985,4
16986,4
16987,3
16988,0
16989,2
16990,1
16991,3
16992,8
16993,3
16994,8
16995,7
16996,2
16997,8
16998,2
16999,9
17000,0
17001,3
17002,4
17003,5
17004,6
17005,7
17006,3
17007,8
17008,5
17009,2
17010,3
17011,3
17012,8
17013,8
17014,4
17015,4
17016,8
17017,8
17018,3
17019,9
17020,6
17021,1
17022,1
17023,6
17024,6
17025,4
17026,4
17027,5
17028,3
17029,2
17030,4
17031,2
17032,5
17033,9
17034,6
17035,8
17036,8
17037,5
17038,9
17039,5
17040,3
17041,6
17042,9
17043,2
17044,6
17045,3
17046,9
17047,3
17048,9
17049,6
17050,8
17051,9
17052,8
17053,3
17054,7
17055,2
17056,7
17057,7
17058,7
17059,4
17060,6
17061,7
17062,4
17063,6
17064,1
17065,8
17066,7
17067,9
17068,5
17069,8
17070,1
17071,2
17072,9
17073,3
17074,1
17075,8
17076,5
17077,1
17078,5
17079,1
17080,1
17081,8
17082,5
17083,8
17084,2
17085,2
17086,9
17087,2
17088,7
17089,5
17090,3
17091,6
17092,8
17093,8
17094,9
17095,6
17096,6
17097,1
17098,9
17099,9
17100,0
17101,0
17102,2
17103,3
17104,4
17105,7
17106,5
17107,5
17108,6
17109,9
17110,9
17111,2
17112,3
17113,9
17114,7
17115,3
17116,5
17117,6
17118,0
17119,0
17120,0
17121,7
17122,8
17123,2
17124,3
17125,6
17126,6
17127,6
17128,0
17129,7
17130,7
17131,3
17132,8
17133,1
17134,9
17135,6
17136,7
17137,9
17138,9
17139,7
17140,0
17141,1
17142,6
17143,4
17144,2
17145,4
17146,8
17147,5
17148,3
17149,8
17150,5
17151,8
17152,2
17153,8
17154,3
17155,2
17156,4
17157,7
17158,4
17159,2
17160,6
17161,8
17162,7
17163,5
17164,2
17165,0
17166,3
17167,4
17168,5
17169,2
17170,8
17171,9
17172,1
17173,4
17174,8
17175,8
17176,8
17177,1
17178,5
17179,2
17180,6
17181,7
17182,7
17183,4
17184,6
17185,5
17186,4
17187,6
17188,0
17189,0
17190,7
17191,9
17192,5
17193,8
17194,3
17195,6
17196,3
17197,8
17198,8
17199,3
17200,6
17201,1
17202,7
17203,9
17204,9
17205,1
17206,8
17207,8
17208,1
17209,4
17210,1
17211,9
17212,5
17213,9
17214,1
17215,9
17216,8
17217,2
17218,6
17219,4
17220,8
17221,5
17222,1
17223,7
17224,9
17225,8
17226,1
17227,6
17228,8
17229,9
17230,6
17231,1
17232,1
17233,2
17234,1
17235,8
17236,7
17237,0
17238,7
17239,9
17240,4
17241,4
17242,2
17243,6
17244,3
17245,1
17246,9
17247,3
17248,6
17249,5
17250,5
17251,5
17252,7
17253,6
17254,5
17255,0
17256,7
17257,8
17258,3
17259,5
17260,4
17261,3
17262,4
17263,3
17264,7
17265,5
17266,6
17267,2
17268,6
17269,0
17270,3
17271,4
17272,1
17273,1
17274,1
17275,2
17276,2
17277,3
17278,9
17279,8
17280,8
17281,9
17282,4
17283,9
17284,5
17285,5
17286,5
17287,2
17288,0
17289,7
17290,7
17291,4
17292,7
17293,5
17294,3
17295,3
17296,3
17297,5
17298,1
17299,9
17300,5
17301,6
17302,9
17303,6
17304,5
17305,1
17306,4
17307,8
17308,2
17309,8
17310,4
17311,6
17312,6
17313,8
17314,3
17315,3
17316,4
17317,2
17318,2
17319,8
17320,0
17321,1
17322,8
17323,0
17324,7
17325,1
17326,9
17327,3
17328,7
17329,1
17330,0
17331,4
17332,3
17333,6
17334,7
17335,8
17336,3
17337,2
17338,7
17339,7
17340,6
17341,5
17342,4
17343,7
17344,6
17345,3
17346,1
17347,6
17348,1
17349,1
17350,2
17351,4
17352,6
17353,1
17354,3
17355,1
17356,8
17357,1
17358,9
17359,4
17360,3
17361,4
17362,3
17363,5
17364,4
17365,3
17366,7
17367,9
17368,9
17369,4
17370,0
17371,8
17372,2
17373,5
17374,8
17375,9
17376,0
17377,7
17378,1
17379,7
17380,4
17381,3
17382,6
17383,8
17384,5
17385,3
17386,4
17387,2
17388,7
17389,4
17390,0
17391,8
17392,9
17393,3
17394,7
17395,7
17396,5
17397,0
17398,2
17399,5
17400,2
17401,2
17402,8
17403,2
17404,0
17405,5
17406,4
17407,8
17408,3
17409,2
17410,4
17411,3
17412,0
17413,1
17414,2
17415,1
17416,1
17417,8
17418,1
17419,2
17420,4
17421,7
17422,3
17423,6
17424,2
17425,4
17426,9
17427,3
17428,7
17429,3
17430,6
17431,1
17432,5
17433,2
17434,5
17435,1
17436,5
17437,6
17438,8
17439,2
17440,2
17441,2
17442,1
17443,5
17444,6
17445,3
17446,9
17447,1
17448,7
17449,8
17450,0
17451,6
17452,7
17453,4
17454,6
17455,0
17456,3
17457,8
17458,6
17459,1
17460,6
17461,4
17462,7
17463,6
17464,7
17465,3
17466,4
17467,3
17468,7
17469,4
17470,4
17471,6
17472,6
17473,9
17474,3
17475,7
17476,9
17477,2
17478,8
17479,3
17480,5
17481,4
17482,5
17483,4
17484,0
17485,0
17486,9
17487,7
17488,7
17489,5
17490,7
17491,4
17492,5
17493,4
17494,7
17495,9
17496,7
17497,1
17498,8
17499,9
17500,9
17501,5
17502,7
17503,1
17504,2
17505,0
17506,6
17507,9
17508,6
17509,5
17510,9
17511,0
17512,4
17513,8
17514,0
17515,5
17516,9
17517,3
17518,3
17519,8
17520,7
17521,0
17522,7
17523,2
17524,5
17525,4
17526,3
17527,5
17528,7
17529,0
17530,3
17531,4
17532,8
17533,1
17534,0
17535,0
17536,9
17537,9
17538,6
17539,4
17540,4
17541,5
17542,1
17543,0
17544,0
17545,9
17546,9
17547,7
17548,4
17549,7
17550,2
17551,1
17552,8
17553,4
17554,4
17555,4
17556,5
17557,6
17558,6
17559,2
17560,1
17561,1
17562,4
17563,2
17564,1
17565,8
17566,7
17567,1
17568,7
17569,8
17570,3
17571,3
17572,3
17573,0
17574,0
17575,5
17576,1
17577,2
17578,9
17579,4
17580,0
17581,0
17582,8
17583,7
17584,1
17585,6
17586,1
17587,9
17588,7
17589,2
17590,8
17591,7
17592,8
17593,2
17594,4
17595,1
17596,5
17597,2
17598,8
17599,8
17600,9
17601,8
17602,3
17603,8
17604,8
17605,3
17606,3
17607,6
17608,8
17609,3
17610,2
17611,5
17612,1
17613,4
17614,9
17615,6
17616,7
17617,8
17618,4
17619,3
17620,1
17621,8
17622,1
17623,3
17624,4
17625,5
17626,6
17627,3
17628,1
17629,9
17630,2
17631,6
17632,5
17633,1
17634,4
17635,7
17636,5
17637,0
17638,0
17639,6
17640,1
17641,0
17642,7
17643,7
17644,3
17645,8
17646,7
17647,4
17648,7
17649,7
17650,0
17651,0
17652,8
17653,1
17654,3
17655,7
17656,2
17657,1
17658,4
17659,7
17660,7
17661,1
17662,6
17663,8
17664,2
17665,9
17666,0
17667,0
17668,3
17669,1
17670,7
17671,6
17672,6
17673,3
17674,6
17675,1
17676,4
17677,8
17678,9
17679,7
17680,9
17681,3
17682,6
17683,2
17684,8
17685,8
17686,8
17687,2
17688,8
17689,9
17690,3
17691,8
17692,3
17693,7
17694,0
17695,0
17696,4
17697,0
17698,7
17699,7
17700,4
17701,8
17702,8
17703,2
17704,8
17705,3
17706,3
17707,1
17708,8
17709,5
17710,6
17711,1
17712,5
17713,1
17714,9
17715,3
17716,3
17717,1
17718,4
17719,7
17720,1
17721,4
17722,7
17723,3
17724,5
17725,1
17726,6
17727,4
17728,5
17729,3
17730,8
17731,2
17732,8
17733,8
17734,0
17735,5
17736,6
17737,0
17738,6
17739,0
17740,0
17741,3
17742,6
17743,2
17744,2
17745,6
17746,8
17747,1
17748,7
17749,9
17750,5
17751,3
17752,4
17753,6
17754,2
17755,7
17756,6
17757,8
17758,1
17759,2
17760,4
17761,2
17762,2
17763,3
17764,5
17765,6
17766,7
17767,5
17768,9
17769,4
17770,4
17771,6
17772,2
17773,7
17774,8
17775,5
17776,1
17777,7
17778,1
17779,6
17780,2
17781,1
17782,1
17783,2
17784,2
17785,8
17786,4
17787,0
17788,7
17789,9
17790,2
17791,7
17792,6
17793,7
17794,5
17795,2
17796,2
17797,3
17798,5
17799,2
17800,4
17801,6
17802,9
17803,4
17804,9
17805,8
17806,0
17807,9
17808,3
17809,4
17810,3
17811,4
17812,1
17813,4
17814,7
17815,5
17816,9
17817,6
17818,9
17819,9
17820,9
17821,9
17822,4
17823,1
17824,4
17825,8
17826,8
17827,5
17828,2
17829,6
17830,0
17831,2
17832,9
17833,2
17834,0
17835,8
17836,9
17837,8
17838,9
17839,9
17840,6
17841,3
17842,8
17843,2
17844,1
17845,9
17846,6
17847,0
17848,0
17849,2
17850,8
17851,4
17852,4
17853,6
17854,7
17855,5
17856,2
17857,4
17858,8
17859,0
17860,5
17861,1
17862,8
17863,9
17864,9
17865,3
17866,0
17867,6
17868,8
17869,3
17870,4
17871,5
17872,3
17873,2
17874,4
17875,6
17876,7
17877,4
17878,2
17879,2
17880,8
17881,9
17882,4
17883,0
17884,6
17885,0
17886,2
17887,1
17888,8
17889,4
17890,1
17891,7
17892,2
17893,3
17894,2
17895,1
17896,9
17897,6
17898,0
17899,2
17900,8
17901,3
17902,3
17903,9
17904,2
17905,0
17906,7
17907,7
17908,2
17909,0
17910,8
17911,6
17912,1
17913,1
17914,1
17915,6
17916,1
17917,2
17918,4
17919,8
17920,2
17921,0
17922,1
17923,8
17924,3
17925,5
17926,0
17927,2
17928,1
17929,8
17930,8
17931,1
17932,8
17933,7
17934,8
17935,9
17936,7
17937,9
17938,9
17939,4
17940,3
17941,5
17942,5
17943,7
17944,0
17945,0
17946,7
17947,9
17948,7
17949,0
17950,4
17951,0
17952,5
17953,0
17954,0
17955,5
17956,7
17957,6
17958,3
17959,2
17960,4
17961,8
17962,2
17963,3
17964,7
17965,2
17966,8
17967,1
17968,4
17969,1
17970,4
17971,9
17972,0
17973,7
17974,6
17975,8
17976,2
17977,1
17978,9
17979,1
17980,7
17981,0
17982,8
17983,5
17984,3
17985,6
17986,2
17987,6
17988,5
17989,0
17990,6
17991,4
17992,0
17993,1
17994,6
17995,1
17996,2
17997,6
17998,4
17999,6
18000,4
18001,9
18002,2
18003,9
18004,5
18005,9
18006,8
18007,5
18008,6
18009,0
18010,0
18011,1
18012,4
18013,9
18014,1
18015,3
18016,2
18017,8
18018,6
18019,4
18020,5
18021,1
18022,9
18023,8
18024,9
18025,6
18026,4
18027,1
18028,8
18029,2
18030,3
18031,7
18032,2
18033,3
18034,3
18035,3
18036,1
18037,6
18038,3
18039,1
18040,4
18041,2
18042,2
18043,1
18044,6
18045,7
18046,9
18047,2
18048,0
18049,0
18050,7
18051,4
18052,5
18053,4
18054,4
18055,5
18056,8
18057,6
18058,1
18059,8
18060,1
18061,8
18062,4
18063,6
18064,4
18065,1
18066,2
18067,9
18068,9
18069,6
18070,6
18071,9
18072,7
18073,6
18074,4
18075,6
18076,3
18077,9
18078,5
18079,0
18080,0
18081,6
18082,2
18083,1
18084,7
18085,6
18086,4
18087,8
18088,3
18089,4
18090,1
18091,4
18092,6
18093,1
18094,9
18095,1
18096,8
18097,0
18098,6
18099,3
18100,1
18101,2
18102,0
18103,2
18104,8
18105,6
18106,2
18107,4
18108,4
18109,7
18110,7
18111,8
18112,8
18113,3
18114,7
18115,6
18116,3
18117,5
18118,5
18119,5
18120,2
18121,7
18122,4
18123,6
18124,7
18125,3
18126,3
18127,0
18128,1
18129,3
18130,8
18131,1
18132,8
18133,0
18134,0
18135,6
18136,8
18137,3
18138,8
18139,9
18140,2
18141,1
18142,6
18143,3
18144,6
18145,9
18146,3
18147,1
18148,9
18149,7
18150,4
18151,8
18152,7
18153,9
18154,4
18155,8
18156,0
18157,3
18158,8
18159,7
18160,1
18161,3
18162,0
18163,8
18164,4
18165,4
18166,2
18167,4
18168,9
18169,5
18170,4
18171,9
18172,9
18173,3
18174,9
18175,7
18176,6
18177,6
18178,7
18179,5
18180,2
18181,4
18182,7
18183,2
18184,4
18185,4
18186,5
18187,7
18188,8
18189,5
18190,7
18191,6
18192,7
18193,4
18194,3
18195,0
18196,4
18197,7
18198,5
18199,8
18200,5
18201,1
18202,0
18203,0
18204,4
18205,7
18206,7
18207,0
18208,7
18209,2
18210,8
18211,8
18212,0
18213,1
18214,9
18215,5
18216,9
18217,8
18218,5
18219,4
18220,7
18221,4
18222,9
18223,8
18224,7
18225,1
18226,3
18227,6
18228,4
18229,0
18230,3
18231,7
18232,7
18233,2
18234,0
18235,2
18236,4
18237,7
18238,2
18239,2
18240,1
18241,4
18242,4
18243,6
18244,8
18245,6
18246,3
18247,0
18248,3
18249,8
18250,4
18251,6
18252,7
18253,6
18254,2
18255,1
18256,8
18257,4
18258,5
18259,2
18260,1
18261,2
18262,5
18263,7
18264,4
18265,0
18266,9
18267,9
18268,1
18269,7
18270,2
18271,1
18272,5
18273,5
18274,1
18275,8
18276,9
18277,5
18278,5
18279,3
18280,6
18281,8
18282,9
18283,5
18284,6
18285,6
18286,1
18287,7
18288,5
18289,4
18290,3
18291,8
18292,6
18293,9
18294,2
18295,1
18296,1
18297,4
18298,9
18299,5
18300,8
18301,5
18302,0
18303,6
18304,0
18305,0
18306,4
18307,2
18308,3
18309,6
18310,7
18311,4
18312,1
18313,1
18314,4
18315,1
18316,6
18317,0
18318,8
18319,6
18320,1
18321,5
18322,2
18323,2
18324,5
18325,7
18326,4
18327,6
18328,9
18329,6
18330,1
18331,9
18332,0
18333,8
18334,9
18335,4
18336,4
18337,7
18338,1
18339,3
18340,3
18341,4
18342,8
18343,9
18344,5
18345,4
18346,5
18347,6
18348,4
18349,9
18350,4
18351,7
18352,0
18353,1
18354,2
18355,0
18356,1
18357,8
18358,0
18359,6
18360,6
18361,1
18362,7
18363,3
18364,7
18365,9
18366,0
18367,9
18368,6
18369,9
18370,7
18371,3
18372,0
18373,2
18374,1
18375,7
18376,7
18377,0
18378,2
18379,1
18380,1
18381,6
18382,6
18383,7
18384,0
18385,2
18386,1
18387,8
18388,5
18389,5
18390,4
18391,8
18392,6
18393,1
18394,4
18395,0
18396,2
18397,4
18398,0
18399,1
18400,8
18401,4
18402,1
18403,0
18404,8
18405,2
18406,7
18407,4
18408,3
18409,3
18410,3
18411,1
18412,4
18413,2
18414,0
18415,6
18416,0
18417,4
18418,7
18419,9
18420,3
18421,7
18422,9
18423,9
18424,5
18425,7
18426,1
18427,3
18428,2
18429,3
18430,1
18431,7
18432,2
18433,7
18434,3
18435,9
18436,3
18437,7
18438,1
18439,4
18440,9
18441,3
18442,1
18443,5
18444,3
18445,8
18446,4
18447,1
18448,0
18449,9
18450,7
18451,3
18452,2
18453,3
18454,7
18455,7
18456,1
18457,7
18458,9
18459,5
18460,4
18461,7
18462,2
18463,4
18464,5
18465,6
18466,4
18467,0
18468,4
18469,8
18470,1
18471,5
18472,9
18473,9
18474,0
18475,1
18476,2
18477,2
18478,5
18479,8
18480,3
18481,4
18482,0
18483,2
18484,4
18485,2
18486,3
18487,1
18488,0
18489,8
18490,4
18491,9
18492,4
18493,0
18494,9
18495,2
18496,8
18497,5
18498,0
18499,4
18500,9
18501,1
18502,0
18503,2
18504,1
18505,7
18506,3
18507,1
18508,6
18509,4
18510,7
18511,8
18512,7
18513,8
18514,5
18515,2
18516,7
18517,7
18518,7
18519,2
18520,2
18521,8
18522,4
18523,1
18524,7
18525,5
18526,3
18527,8
18528,1
18529,6
18530,5
18531,1
18532,4
18533,8
18534,1
18535,2
18536,6
18537,1
18538,8
18539,2
18540,5
18541,9
18542,2
18543,2
18544,4
18545,0
18546,2
18547,0
18548,2
18549,9
18550,4
18551,4
18552,4
18553,7
18554,7
18555,5
18556,8
18557,9
18558,1
18559,5
18560,0
18561,6
18562,5
18563,1
18564,0
18565,0
18566,4
18567,4
18568,9
18569,2
18570,5
18571,6
18572,2
18573,9
18574,1
18575,9
18576,1
18577,8
18578,3
18579,0
18580,6
18581,4
18582,9
18583,3
18584,1
18585,4
18586,5
18587,1
18588,2
18589,2
18590,1
18591,2
18592,0
18593,6
18594,0
18595,7
18596,8
18597,8
18598,8
18599,7
18600,2
18601,2
18602,6
18603,6
18604,8
18605,7
18606,0
18607,0
18608,4
18609,9
18610,5
18611,1
18612,5
18613,3
18614,2
18615,4
18616,2
18617,2
18618,9
18619,5
18620,8
18621,2
18622,0
18623,0
18624,7
18625,5
18626,3
18627,1
18628,5
18629,0
18630,8
18631,3
18632,2
18633,2
18634,7
18635,4
18636,6
18637,3
18638,2
18639,6
18640,6
18641,0
18642,7
18643,5
18644,2
18645,0
18646,2
18647,9
18648,4
18649,5
18650,0
18651,0
18652,9
18653,4
18654,9
18655,4
18656,7
18657,9
18658,5
18659,9
18660,2
18661,1
18662,6
18663,1
18664,5
18665,7
18666,4
18667,1
18668,1
18669,5
18670,9
18671,3
18672,4
18673,4
18674,0
18675,9
18676,0
18677,4
18678,9
18679,3
18680,2
18681,3
18682,0
18683,4
18684,7
18685,5
18686,1
18687,5
18688,6
18689,1
18690,7
18691,0
18692,3
18693,6
18694,1
18695,4
18696,0
18697,3
18698,5
18699,3
18700,1
18701,2
18702,9
18703,5
18704,8
18705,1
18706,9
18707,7
18708,0
18709,6
18710,3
18711,1
18712,8
18713,8
18714,7
18715,2
18716,1
18717,5
18718,5
18719,0
18720,8
18721,6
18722,0
18723,1
18724,3
18725,4
18726,4
18727,9
18728,7
18729,0
18730,4
18731,4
18732,1
18733,2
18734,0
18735,3
18736,1
18737,6
18738,8
18739,1
18740,4
18741,0
18742,7
18743,2
18744,8
18745,8
18746,8
18747,8
18748,1
18749,9
18750,4
18751,0
18752,6
18753,0
18754,5
18755,5
18756,7
18757,3
18758,8
18759,3
18760,7
18761,1
18762,6
18763,8
18764,9
18765,5
18766,5
18767,0
18768,4
18769,7
18770,7
18771,8
18772,4
18773,0
18774,6
18775,3
18776,5
18777,2
18778,6
18779,0
18780,0
18781,9
18782,7
18783,9
18784,2
18785,4
18786,5
18787,0
18788,6
18789,4
18790,1
18791,2
18792,9
18793,8
18794,9
18795,7
18796,8
18797,8
18798,9
18799,1
18800,7
18801,7
18802,6
18803,7
18804,3
18805,3
18806,7
18807,0
18808,3
18809,8
18810,8
18811,6
18812,2
18813,5
18814,7
18815,4
18816,7
18817,3
18818,4
18819,1
18820,2
18821,8
18822,1
18823,4
18824,8
18825,2
18826,2
18827,5
18828,7
18829,8
18830,2
18831,6
18832,7
18833,4
18834,0
18835,3
18836,2
18837,1
18838,4
18839,3
18840,5
18841,4
18842,0
18843,7
18844,1
18845,1
18846,3
18847,9
18848,8
18849,9
18850,1
18851,7
18852,9
18853,3
18854,3
18855,0
18856,6
18857,6
18858,6
18859,2
18860,2
18861,9
18862,5
18863,2
18864,4
18865,6
18866,5
18867,3
18868,9
18869,8
18870,5
18871,1
18872,7
18873,5
18874,6
18875,8
18876,5
18877,9
18878,6
18879,8
18880,3
18881,0
18882,5
18883,8
18884,2
18885,8
18886,9
18887,2
18888,9
18889,6
18890,0
18891,5
18892,3
18893,6
18894,3
18895,8
18896,2
18897,0
18898,9
18899,9
18900,0
18901,3
18902,2
18903,4
18904,7
18905,8
18906,2
18907,3
18908,5
18909,5
18910,2
18911,6
18912,0
18913,9
18914,7
18915,6
18916,2
18917,1
18918,8
18919,4
18920,4
18921,7
18922,7
18923,8
18924,9
18925,6
18926,5
18927,8
18928,9
18929,7
18930,9
18931,4
18932,0
18933,3
18934,2
18935,6
18936,3
18937,7
18938,4
18939,9
18940,5
18941,4
18942,4
18943,1
18944,9
18945,2
18946,0
18947,6
18948,8
18949,3
18950,9
18951,7
18952,4
18953,7
18954,9
18955,5
18956,3
18957,8
18958,0
18959,2
18960,3
18961,4
18962,4
18963,2
18964,4
18965,8
18966,0
18967,5
18968,8
18969,1
18970,2
18971,5
18972,3
18973,1
18974,6
18975,1
18976,6
18977,1
18978,6
18979,4
18980,3
18981,9
18982,4
18983,6
18984,3
18985,1
18986,1
18987,6
18988,9
18989,3
18990,7
18991,2
18992,3
18993,5
18994,3
18995,5
18996,6
18997,0
18998,6
18999,1
19000,7
19001,2
19002,8
19003,0
19004,8
19005,3
19006,1
19007,3
19008,9
19009,2
19010,7
19011,0
19012,8
19013,0
19014,0
19015,3
19016,0
19017,6
19018,5
19019,1
19020,3
19021,6
19022,2
19023,9
19024,7
19025,5
19026,6
19027,4
19028,3
19029,6
19030,2
19031,1
19032,7
19033,3
19034,5
19035,9
19036,4
19037,3
19038,6
19039,8
19040,1
19041,1
19042,3
19043,8
19044,3
19045,4
19046,2
19047,2
19048,1
19049,1
19050,4
19051,2
19052,8
19053,1
19054,8
19055,4
19056,0
19057,8
19058,1
19059,8
19060,1
19061,9
19062,9
19063,0
19064,0
19065,4
19066,7
19067,1
19068,0
19069,8
19070,1
19071,3
19072,9
19073,9
19074,7
19075,1
19076,2
19077,4
19078,3
19079,6
19080,1
19081,8
19082,8
19083,6
19084,1
19085,9
19086,3
19087,8
19088,2
19089,5
19090,3
19091,1
19092,4
19093,0
19094,0
19095,7
19096,3
19097,5
19098,8
19099,5
19100,6
19101,3
19102,2
19103,2
19104,4
19105,4
19106,9
19107,5
19108,8
19109,8
19110,5
19111,1
19112,9
19113,6
19114,7
19115,0
19116,4
19117,4
19118,5
19119,2
19120,9
19121,2
19122,1
19123,0
19124,9
19125,7
19126,7
19127,7
19128,6
19129,0
19130,1
19131,9
19132,4
19133,0
19134,8
19135,4
19136,1
19137,3
19138,9
19139,3
19140,1
19141,0
19142,3
19143,6
19144,5
19145,7
19146,6
19147,6
19148,8
19149,1
19150,8
19151,1
19152,7
19153,3
19154,3
19155,6
19156,1
19157,2
19158,5
19159,0
19160,1
19161,2
19162,9
19163,1
19164,4
19165,1
19166,9
19167,2
19168,1
19169,7
19170,5
19171,7
19172,6
19173,3
19174,4
19175,4
19176,8
19177,7
19178,8
19179,0
19180,2
19181,1
19182,6
19183,5
19184,4
19185,0
19186,0
19187,9
19188,1
19189,7
19190,1
19191,1
19192,4
19193,8
19194,7
19195,9
19196,2
19197,9
19198,1
19199,6
19200,4
19201,1
19202,2
19203,2
19204,1
19205,1
19206,7
19207,3
19208,9
19209,4
19210,7
19211,9
19212,9
19213,0
19214,0
19215,4
19216,1
19217,1
19218,3
19219,8
19220,5
19221,0
19222,1
19223,4
19224,6
19225,6
19226,7
19227,8
19228,9
19229,7
19230,5
19231,2
19232,6
19233,1
19234,1
19235,3
19236,6
19237,8
19238,0
19239,2
19240,5
19241,7
19242,8
19243,5
19244,0
19245,4
19246,4
19247,4
19248,3
19249,1
19250,2
19251,9
19252,1
19253,3
19254,7
19255,6
19256,9
19257,1
19258,9
19259,3
19260,7
19261,1
19262,7
19263,1
19264,8
19265,3
19266,6
19267,0
19268,1
19269,5
19270,6
19271,6
19272,2
19273,3
19274,9
19275,7
19276,6
19277,6
19278,9
19279,7
19280,6
19281,6
19282,2
19283,4
19284,5
19285,8
19286,1
19287,2
19288,3
19289,7
19290,9
19291,5
19292,9
19293,4
19294,1
19295,0
19296,3
19297,1
19298,2
19299,7
19300,9
19301,0
19302,2
19303,4
19304,1
19305,8
19306,5
19307,4
19308,2
19309,0
19310,0
19311,2
19312,7
19313,0
19314,8
19315,0
19316,4
19317,6
19318,3
19319,4
19320,0
19321,6
19322,7
19323,1
19324,7
19325,3
19326,3
19327,1
19328,6
19329,3
19330,5
19331,9
19332,9
19333,1
19334,6
19335,1
19336,1
19337,4
19338,0
19339,9
19340,2
19341,7
19342,7
19343,3
19344,2
19345,8
19346,3
19347,0
19348,6
19349,6
19350,1
19351,6
19352,7
19353,9
19354,8
19355,7
19356,5
19357,5
19358,7
19359,5
19360,0
19361,9
19362,4
19363,1
19364,8
19365,8
19366,1
19367,1
19368,4
19369,7
19370,8
19371,6
19372,8
19373,2
19374,9
19375,8
19376,1
19377,5
19378,3
19379,2
19380,7
19381,5
19382,1
19383,0
19384,1
19385,0
19386,3
19387,3
19388,1
19389,5
19390,8
19391,8
19392,9
19393,3
19394,1
19395,3
19396,8
19397,6
19398,5
19399,1
19400,6
19401,9
19402,3
19403,3
19404,7
19405,9
19406,0
19407,8
19408,8
19409,4
19410,9
19411,5
19412,7
19413,8
19414,9
19415,8
19416,4
19417,4
19418,9
19419,1
19420,0
19421,9
19422,6
19423,7
19424,0
19425,6
19426,1
19427,3
19428,0
19429,6
19430,8
19431,2
19432,0
19433,1
19434,5
19435,6
19436,4
19437,8
19438,2
19439,5
19440,3
19441,3
19442,8
19443,1
19444,3
19445,3
19446,2
19447,0
19448,5
19449,2
19450,5
19451,1
19452,1
19453,8
19454,3
19455,9
19456,3
19457,4
19458,7
19459,3
19460,4
19461,7
19462,6
19463,7
19464,9
19465,7
19466,7
19467,1
19468,5
19469,9
19470,2
19471,4
19472,6
19473,7
19474,7
19475,1
19476,5
19477,4
19478,4
19479,0
19480,9
19481,7
19482,1
19483,6
19484,3
19485,0
19486,2
19487,7
19488,2
19489,7
19490,1
19491,3
19492,9
19493,4
19494,2
19495,8
19496,6
19497,8
19498,5
19499,8
19500,0
19501,5
19502,2
19503,1
19504,7
19505,3
19506,9
19507,8
19508,0
19509,9
19510,2
19511,9
19512,9
19513,6
19514,6
19515,3
19516,2
19517,6
19518,9
19519,5
19520,5
19521,4
19522,1
19523,1
19524,4
19525,6
19526,0
19527,7
19528,5
19529,8
19530,0
19531,0
19532,3
19533,9
19534,8
19535,1
19536,0
19537,9
19538,2
19539,6
19540,2
19541,0
19542,2
19543,8
19544,7
19545,0
19546,7
19547,3
19548,7
19549,5
19550,1
19551,1
19552,5
19553,7
19554,7
19555,7
19556,3
19557,4
19558,1
19559,0
19560,6
19561,9
19562,9
19563,6
19564,9
19565,1
19566,5
19567,4
19568,5
19569,8
19570,9
19571,9
19572,1
19573,1
19574,7
19575,9
19576,1
19577,7
19578,7
19579,6
19580,5
19581,8
19582,2
19583,7
19584,1
19585,3
19586,6
19587,8
19588,5
19589,2
19590,7
19591,1
19592,4
19593,0
19594,8
19595,5
19596,8
19597,5
19598,1
19599,3
19600,4
19601,5
19602,5
19603,2
19604,1
19605,3
19606,5
19607,2
19608,2
19609,9
19610,4
19611,4
19612,9
19613,5
19614,9
19615,1
19616,3
19617,2
19618,9
19619,6
19620,2
19621,2
19622,0
19623,7
19624,5
19625,7
19626,3
19627,2
19628,9
19629,4
19630,6
19631,2
19632,9
19633,2
19634,2
19635,8
19636,1
19637,0
19638,0
19639,9
19640,0
19641,6
19642,2
19643,4
19644,1
19645,0
19646,4
19647,3
19648,1
19649,1
19650,4
19651,9
19652,0
19653,8
19654,2
19655,9
19656,5
19657,0
19658,2
19659,3
19660,0
19661,7
19662,2
19663,2
19664,2
19665,0
19666,1
19667,1
19668,1
19669,7
19670,6
19671,1
19672,7
19673,7
19674,8
19675,6
19676,5
19677,0
19678,4
19679,1
19680,0
19681,2
19682,3
19683,4
19684,9
19685,9
19686,2
19687,6
19688,5
19689,0
19690,5
19691,3
19692,7
19693,3
19694,3
19695,4
19696,4
19697,7
19698,8
19699,1
19700,9
19701,3
19702,4
19703,5
19704,2
19705,7
19706,4
19707,3
19708,5
19709,7
19710,4
19711,1
19712,8
19713,4
19714,3
19715,7
19716,6
19717,2
19718,3
19719,0
19720,7
19721,1
19722,4
19723,3
19724,9
19725,9
19726,1
19727,7
19728,5
19729,6
19730,8
19731,4
19732,1
19733,1
19734,5
19735,2
19736,2
19737,2
19738,8
19739,4
19740,0
19741,7
19742,6
19743,4
19744,3
19745,2
19746,3
19747,1
19748,7
19749,6
19750,7
19751,6
19752,8
19753,9
19754,0
19755,7
19756,3
19757,6
19758,9
19759,6
19760,9
19761,4
19762,6
19763,9
19764,5
19765,9
19766,7
19767,1
19768,5
19769,9
19770,3
19771,2
19772,7
19773,6
19774,7
19775,8
19776,1
19777,6
19778,1
19779,8
19780,9
19781,7
19782,7
19783,1
19784,6
19785,0
19786,5
19787,8
19788,5
19789,7
19790,1
19791,4
19792,7
19793,2
19794,1
19795,7
19796,6
19797,6
19798,2
19799,4
19800,2
19801,3
19802,5
19803,5
19804,2
19805,9
19806,0
19807,2
19808,8
19809,3
19810,7
19811,8
19812,2
19813,0
19814,7
19815,2
19816,7
19817,2
19818,9
19819,1
19820,2
19821,0
19822,2
19823,9
19824,3
19825,0
19826,6
19827,2
19828,8
19829,0
19830,3
19831,7
19832,4
19833,1
19834,4
19835,0
19836,3
19837,1
19838,4
19839,5
19840,7
19841,9
19842,3
19843,1
19844,9
19845,5
19846,0
19847,4
19848,7
19849,2
19850,2
19851,1
19852,9
19853,5
19854,7
19855,2
19856,6
19857,2
19858,6
19859,7
19860,7
19861,8
19862,0
19863,5
19864,2
19865,7
19866,0
19867,2
19868,0
19869,2
19870,0
19871,2
19872,4
19873,2
19874,5
19875,9
19876,2
19877,8
19878,2
19879,7
19880,5
19881,1
19882,4
19883,2
19884,5
19885,6
19886,1
19887,9
19888,8
19889,8
19890,9
19891,4
19892,5
19893,5
19894,8
19895,8
19896,6
19897,0
19898,6
19899,5
19900,0
19901,0
19902,6
19903,9
19904,5
19905,4
19906,4
19907,1
19908,2
19909,2
19910,2
19911,1
19912,7
19913,7
19914,8
19915,0
19916,0
19917,1
19918,6
19919,5
19920,4
19921,2
19922,0
19923,2
19924,5
19925,7
19926,8
19927,5
19928,2
19929,4
19930,4
19931,9
19932,4
19933,4
19934,6
19935,6
19936,4
19937,0
19938,3
19939,9
19940,1
19941,3
19942,2
19943,4
19944,0
19945,0
19946,1
19947,1
19948,7
19949,6
19950,2
19951,5
19952,1
19953,2
19954,7
19955,5
19956,1
19957,8
19958,0
19959,1
19960,5
19961,7
19962,8
19963,5
19964,9
19965,1
19966,2
19967,7
19968,7
19969,0
19970,0
19971,1
19972,7
19973,3
19974,0
19975,3
19976,1
19977,4
19978,1
19979,3
19980,8
19981,3
19982,7
19983,3
19984,9
19985,1
19986,7
19987,7
19988,1
19989,2
19990,6
19991,5
19992,8
19993,0
19994,3
19995,2
19996,0
19997,6
19998,5
19999,4
20000,6
20001,7
20002,0
20003,3
20004,4
20005,6
20006,3
20007,5
20008,2
20009,7
20010,7
20011,5
20012,5
20013,4
20014,9
20015,0
20016,3
20017,1
20018,5
20019,3
20020,1
20021,2
20022,0
20023,2
20024,4
20025,8
20026,9
20027,4
20028,2
20029,9
20030,2
20031,5
20032,9
20033,5
20034,3
20035,4
20036,2
20037,6
20038,6
20039,5
20040,2
20041,9
20042,9
20043,7
20044,7
20045,7
20046,7
20047,4
20048,4
20049,1
20050,8
20051,7
20052,6
20053,1
20054,4
20055,4
20056,9
20057,0
20058,9
20059,6
20060,7
20061,2
20062,9
20063,4
20064,1
20065,9
20066,6
20067,7
20068,5
20069,7
20070,6
20071,0
20072,6
20073,9
20074,9
20075,9
20076,4
20077,2
20078,5
20079,5
20080,3
20081,0
20082,3
20083,6
20084,1
20085,8
20086,4
20087,6
20088,2
20089,7
20090,2
20091,7
20092,9
20093,9
20094,3
20095,4
20096,7
20097,1
20098,7
20099,6
20100,6
20101,1
20102,5
20103,0
20104,1
20105,3
20106,0
20107,1
20108,3
20109,2
20110,6
20111,5
20112,3
20113,4
20114,3
20115,9
20116,9
20117,3
20118,3
20119,0
20120,7
20121,5
20122,9
20123,6
20124,6
20125,4
20126,6
20127,9
20128,7
20129,3
20130,6
20131,1
20132,6
20133,8
20134,6
20135,7
20136,7
20137,1
20138,6
20139,0
20140,4
20141,2
20142,2
20143,5
20144,8
20145,9
20146,1
20147,9
20148,2
20149,3
20150,3
20151,7
20152,9
20153,1
20154,5
20155,7
20156,1
20157,8
20158,8
20159,5
20160,6
20161,7
20162,6
20163,0
20164,7
20165,6
20166,3
20167,1
20168,0
20169,7
20170,9
20171,5
20172,7
20173,8
20174,1
20175,0
20176,9
20177,9
20178,4
20179,0
20180,0
20181,7
20182,7
20183,4
20184,4
20185,7
20186,1
20187,5
20188,7
20189,1
20190,3
20191,3
20192,0
20193,0
20194,9
20195,1
20196,7
20197,0
20198,2
20199,0
20200,1
20201,5
20202,0
20203,3
20204,7
20205,9
20206,2
20207,4
20208,4
20209,9
20210,8
20211,2
20212,0
20213,4
20214,3
20215,6
20216,1
20217,7
20218,4
20219,8
20220,9
20221,6
20222,8
20223,9
20224,4
20225,9
20226,8
20227,5
20228,9
20229,2
20230,3
20231,8
20232,6
20233,5
20234,4
20235,5
20236,0
20237,1
20238,9
20239,0
20240,5
20241,8
20242,1
20243,1
20244,5
20245,4
20246,8
20247,2
20248,5
20249,9
20250,5
20251,1
20252,1
20253,8
20254,8
20255,0
20256,8
20257,4
20258,1
20259,9
20260,3
20261,2
20262,0
20263,2
20264,4
20265,4
20266,0
20267,6
20268,0
20269,1
20270,9
20271,9
20272,9
20273,4
20274,1
20275,4
20276,9
20277,1
20278,6
20279,5
20280,1
20281,1
20282,3
20283,1
20284,7
20285,4
20286,6
20287,3
20288,9
20289,5
20290,7
20291,7
20292,5
20293,4
20294,8
20295,5
20296,5
20297,2
20298,4
20299,8
20300,8
20301,3
20302,1
20303,1
20304,3
20305,2
20306,9
20307,0
20308,4
20309,9
20310,4
20311,9
20312,0
20313,5
20314,3
20315,1
20316,4
20317,2
20318,0
20319,4
20320,1
20321,0
20322,7
20323,1
20324,9
20325,4
20326,8
20327,1
20328,4
20329,7
20330,8
20331,8
20332,1
20333,5
20334,4
20335,3
20336,0
20337,5
20338,9
20339,5
20340,9
20341,5
20342,0
20343,9
20344,5
20345,1
20346,7
20347,8
20348,8
20349,7
20350,2
20351,1
20352,9
20353,9
20354,6
20355,3
20356,8
20357,8
20358,7
20359,9
20360,7
20361,6
20362,3
20363,3
20364,5
20365,3
20366,2
20367,0
20368,1
20369,8
20370,1
20371,1
20372,9
20373,1
20374,3
20375,0
20376,6
20377,2
20378,0
20379,0
20380,6
20381,9
20382,0
20383,1
20384,7
20385,3
20386,2
20387,6
20388,7
20389,7
20390,7
20391,7
20392,2
20393,2
20394,8
20395,1
20396,0
20397,9
20398,0
20399,2
20400,0
20401,7
20402,3
20403,7
20404,4
20405,5
20406,7
20407,5
20408,1
20409,1
20410,6
20411,7
20412,6
20413,7
20414,2
20415,6
20416,1
20417,0
20418,8
20419,2
20420,9
20421,8
20422,4
20423,5
20424,2
20425,6
20426,2
20427,1
20428,1
20429,3
20430,1
20431,1
20432,6
20433,3
20434,8
20435,3
20436,6
20437,7
20438,6
20439,0
20440,9
20441,6
20442,2
20443,9
20444,6
20445,0
20446,5
20447,8
20448,0
20449,1
20450,0
20451,8
20452,7
20453,2
20454,9
20455,6
20456,4
20457,0
20458,2
20459,4
20460,1
20461,2
20462,0
20463,1
20464,4
20465,7
20466,6
20467,6
20468,9
20469,1
20470,7
20471,0
20472,7
20473,1
20474,1
20475,8
20476,8
20477,5
20478,2
20479,9
20480,1
20481,2
20482,0
20483,0
20484,7
20485,5
20486,9
20487,0
20488,3
20489,2
20490,6
20491,7
20492,5
20493,3
20494,2
20495,1
20496,9
20497,4
20498,6
20499,5
20500,9
20501,1
20502,8
20503,8
20504,8
20505,1
20506,8
20507,8
20508,3
20509,4
20510,1
20511,5
20512,6
20513,2
20514,1
20515,8
20516,6
20517,4
20518,6
20519,3
20520,6
20521,8
20522,1
20523,5
20524,0
20525,5
20526,0
20527,0
20528,9
20529,8
20530,1
20531,9
20532,0
20533,8
20534,8
20535,4
20536,2
20537,5
20538,4
20539,3
20540,1
20541,4
20542,2
20543,3
20544,4
20545,5
20546,0
20547,0
20548,3
20549,0
20550,6
20551,6
20552,1
20553,9
20554,1
20555,4
20556,9
20557,8
20558,2
20559,0
20560,4
20561,1
20562,5
20563,6
20564,4
20565,9
20566,4
20567,1
20568,0
20569,4
20570,1
20571,7
20572,0
20573,7
20574,3
20575,6
20576,7
20577,9
20578,6
20579,2
20580,6
20581,8
20582,5
20583,0
20584,8
20585,3
20586,1
20587,0
20588,2
20589,2
20590,5
20591,5
20592,1
20593,8
20594,1
20595,9
20596,1
20597,6
20598,9
20599,4
20600,9
20601,3
20602,2
20603,0
20604,7
20605,3
20606,1
20607,6
20608,2
20609,3
20610,8
20611,5
20612,1
20613,6
20614,7
20615,9
20616,3
20617,9
20618,5
20619,5
20620,5
20621,4
20622,3
20623,9
20624,4
20625,0
20626,3
20627,7
20628,8
20629,5
20630,3
20631,1
20632,5
20633,0
20634,7
20635,9
20636,0
20637,4
20638,0
20639,0
20640,4
20641,8
20642,5
20643,1
20644,8
20645,9
20646,0
20647,0
20648,7
20649,4
20650,5
20651,8
20652,6
20653,9
20654,4
20655,7
20656,7
20657,1
20658,6
20659,8
20660,3
20661,4
20662,7
20663,6
20664,3
20665,0
20666,7
20667,9
20668,6
20669,5
20670,3
20671,9
20672,2
20673,3
20674,0
20675,1
20676,2
20677,8
20678,9
20679,8
20680,3
20681,9
20682,3
20683,3
20684,8
20685,9
20686,2
20687,7
20688,9
20689,2
20690,9
20691,7
20692,5
20693,2
20694,4
20695,8
20696,5
20697,7
20698,4
20699,5
20700,9
20701,4
20702,7
20703,5
20704,6
20705,0
20706,3
20707,6
20708,5
20709,0
20710,4
20711,8
20712,3
20713,9
20714,2
20715,7
20716,0
20717,7
20718,7
20719,3
20720,9
20721,3
20722,2
20723,0
20724,6
20725,2
20726,4
20727,0
20728,1
20729,4
20730,0
20731,6
20732,7
20733,0
20734,0
20735,5
20736,5
20737,2
20738,1
20739,3
20740,7
20741,1
20742,2
20743,6
20744,3
20745,8
20746,7
20747,0
20748,2
20749,9
20750,5
20751,4
20752,2
20753,3
20754,2
20755,8
20756,0
20757,0
20758,7
20759,7
20760,3
20761,3
20762,5
20763,8
20764,2
20765,7
20766,8
20767,9
20768,5
20769,1
20770,1
20771,3
20772,6
20773,1
20774,2
20775,7
20776,5
20777,2
20778,2
20779,1
20780,3
20781,7
20782,3
20783,7
20784,5
20785,6
20786,9
20787,7
20788,4
20789,9
20790,0
20791,8
20792,8
20793,6
20794,7
20795,1
20796,5
20797,7
20798,4
20799,9
20800,0
20801,9
20802,3
20803,6
20804,1
20805,7
20806,2
20807,4
20808,3
20809,3
20810,9
20811,7
20812,3
20813,6
20814,0
20815,0
20816,1
20817,3
20818,0
20819,5
20820,2
20821,8
20822,9
20823,7
20824,5
20825,2
20826,5
20827,8
20828,0
20829,9
20830,7
20831,6
20832,7
20833,6
20834,2
20835,3
20836,3
20837,7
20838,7
20839,3
20840,2
20841,0
20842,3
20843,4
20844,6
20845,8
20846,2
20847,3
20848,1
20849,1
20850,6
20851,9
20852,2
20853,1
20854,8
20855,1
20856,8
20857,3
20858,0
20859,6
20860,3
20861,2
20862,4
20863,3
20864,9
20865,2
20866,0
20867,9
20868,5
20869,9
20870,5
20871,2
20872,7
20873,5
20874,8
20875,0
20876,3
20877,1
20878,9
20879,1
20880,0
20881,1
20882,9
20883,5
20884,9
20885,2
20886,2
20887,2
20888,1
20889,5
20890,9
20891,2
20892,2
20893,6
20894,8
20895,3
20896,9
20897,1
20898,9
20899,1
20900,0
20901,3
20902,2
20903,9
20904,7
20905,4
20906,4
20907,2
20908,2
20909,6
20910,1
20911,1
20912,9
20913,1
20914,5
20915,2
20916,8
20917,3
20918,0
20919,5
20920,6
20921,8
20922,3
20923,6
20924,2
20925,7
20926,9
20927,0
20928,8
20929,1
20930,7
20931,4
20932,6
20933,9
20934,8
20935,3
20936,7
20937,5
20938,2
20939,7
20940,6
20941,6
20942,7
20943,7
20944,8
20945,6
20946,2
20947,5
20948,8
20949,9
20950,8
20951,4
20952,7
20953,3
20954,5
20955,2
20956,8
20957,8
20958,8
20959,0
20960,6
20961,6
20962,0
20963,0
20964,0
20965,1
20966,0
20967,6
20968,3
20969,4
20970,2
20971,0
20972,6
20973,2
20974,0
20975,9
20976,8
20977,1
20978,6
20979,7
20980,5
20981,1
20982,9
20983,1
20984,8
20985,9
20986,0
20987,8
20988,1
20989,2
20990,4
20991,8
20992,5
20993,1
20994,5
20995,3
20996,6
20997,1
20998,4
20999,2
21000,6
21001,7
21002,5
21003,5
21004,4
21005,2
21006,7
21007,5
21008,5
21009,2
21010,4
21011,3
21012,1
21013,9
21014,5
21015,6
21016,1
21017,7
21018,1
21019,3
21020,4
21021,6
21022,7
21023,9
21024,7
21025,1
21026,3
21027,0
21028,1
21029,8
21030,5
21031,2
21032,1
21033,1
21034,9
21035,4
21036,9
21037,3
21038,4
21039,1
21040,5
21041,3
21042,0
21043,1
21044,0
21045,6
21046,7
21047,3
21048,7
21049,5
21050,0
21051,7
21052,7
21053,7
21054,7
21055,1
21056,4
21057,4
21058,6
21059,9
21060,9
21061,5
21062,7
21063,1
21064,8
21065,8
21066,9
21067,4
21068,1
21069,6
21070,7
21071,3
21072,4
21073,4
21074,8
21075,3
21076,2
21077,7
21078,4
21079,9
21080,1
21081,9
21082,0
21083,4
21084,8
21085,6
21086,3
21087,5
21088,3
21089,7
21090,1
21091,5
21092,7
21093,9
21094,7
21095,0
21096,3
21097,1
21098,7
21099,2
21100,7
21101,0
21102,1
21103,5
21104,2
21105,6
21106,7
21107,5
21108,7
21109,4
21110,6
21111,7
21112,2
21113,8
21114,2
21115,9
21116,6
21117,6
21118,5
21119,9
21120,7
21121,8
21122,2
21123,4
21124,9
21125,5
21126,4
21127,4
21128,9
21129,6
21130,7
21131,1
21132,8
21133,6
21134,0
21135,3
21136,2
21137,7
21138,5
21139,9
21140,5
21141,2
21142,3
21143,5
21144,5
21145,7
21146,9
21147,7
21148,9
21149,2
21150,2
21151,8
21152,5
21153,2
21154,7
21155,5
21156,0
21157,1
21158,1
21159,8
21160,0
21161,8
21162,5
21163,6
21164,3
21165,0
21166,8
21167,4
21168,9
21169,6
21170,4
21171,1
21172,0
21173,9
21174,3
21175,3
21176,4
21177,2
21178,8
21179,1
21180,1
21181,6
21182,5
21183,1
21184,2
21185,7
21186,8
21187,6
21188,2
21189,8
21190,7
21191,8
21192,9
21193,7
21194,7
21195,0
21196,2
21197,3
21198,0
21199,8
21200,9
21201,8
21202,4
21203,4
21204,3
21205,9
21206,7
21207,7
21208,9
21209,3
21210,3
21211,3
21212,3
21213,8
21214,0
21215,6
21216,2
21217,7
21218,7
21219,2
21220,5
21221,2
21222,7
21223,8
21224,0
21225,5
21226,3
21227,4
21228,4
21229,3
21230,2
21231,5
21232,2
21233,0
21234,9
21235,7
21236,2
21237,6
21238,1
21239,0
21240,4
21241,5
21242,3
21243,2
21244,7
21245,4
21246,4
21247,4
21248,6
21249,4
21250,7
21251,9
21252,2
21253,1
21254,8
21255,8
21256,3
21257,5
21258,2
21259,9
21260,1
21261,2
21262,7
21263,1
21264,4
21265,4
21266,6
21267,5
21268,7
21269,2
21270,6
21271,4
21272,9
21273,1
21274,6
21275,9
21276,0
21277,9
21278,8
21279,1
21280,1
21281,0
21282,0
21283,9
21284,6
21285,1
21286,1
21287,4
21288,0
21289,7
21290,3
21291,2
21292,1
21293,0
21294,3
21295,2
21296,3
21297,9
21298,7
21299,4
21300,0
21301,7
21302,5
21303,5
21304,4
21305,1
21306,4
21307,8
21308,7
21309,0
21310,0
21311,3
21312,1
21313,0
21314,6
21315,1
21316,1
21317,7
21318,7
21319,6
21320,8
21321,0
21322,5
21323,5
21324,9
21325,2
21326,2
21327,5
21328,9
21329,8
21330,5
21331,2
21332,9
21333,8
21334,6
21335,7
21336,1
21337,0
21338,7
21339,8
21340,5
21341,1
21342,9
21343,1
21344,3
21345,1
21346,2
21347,2
21348,5
21349,3
21350,4
21351,7
21352,3
21353,4
21354,5
21355,7
21356,0
21357,5
21358,6
21359,8
21360,3
21361,3
21362,4
21363,6
21364,3
21365,1
21366,3
21367,7
21368,1
21369,8
21370,1
21371,1
21372,9
21373,4
21374,1
21375,3
21376,6
21377,1
21378,2
21379,1
21380,5
21381,2
21382,7
21383,2
21384,6
21385,1
21386,8
21387,9
21388,4
21389,7
21390,1
21391,6
21392,6
21393,7
21394,4
21395,0
21396,2
21397,3
21398,3
21399,1
21400,7
21401,6
21402,0
21403,7
21404,8
21405,7
21406,8
21407,2
21408,3
21409,2
21410,6
21411,7
21412,2
21413,9
21414,8
21415,7
21416,6
21417,1
21418,6
21419,0
21420,3
21421,6
21422,4
21423,4
21424,9
21425,4
21426,7
21427,1
21428,5
21429,9
21430,9
21431,2
21432,6
21433,9
21434,1
21435,1
21436,9
21437,9
21438,4
21439,2
21440,7
21441,9
21442,2
21443,7
21444,2
21445,7
21446,8
21447,8
21448,6
21449,3
21450,6
21451,7
21452,6
21453,2
21454,1
21455,9
21456,8
21457,1
21458,2
21459,0
21460,8
21461,5
21462,9
21463,5
21464,9
21465,5
21466,1
21467,5
21468,1
21469,7
21470,3
21471,8
21472,4
21473,8
21474,5
21475,2
21476,9
21477,7
21478,7
21479,3
21480,1
21481,1
21482,8
21483,9
21484,1
21485,0
21486,3
21487,8
21488,4
21489,0
21490,0
21491,7
21492,4
21493,5
21494,3
21495,7
21496,9
21497,2
21498,1
21499,2
21500,2
21501,3
21502,4
21503,4
21504,7
21505,1
21506,7
21507,3
21508,3
21509,7
21510,7
21511,2
21512,9
21513,2
21514,4
21515,2
21516,0
21517,9
21518,6
21519,8
21520,2
21521,1
21522,3
21523,9
21524,5
21525,2
21526,0
21527,2
21528,4
21529,0
21530,9
21531,6
21532,5
21533,9
21534,1
21535,1
21536,9
21537,5
21538,0
21539,4
21540,5
21541,9
21542,5
21543,2
21544,0
21545,8
21546,6
21547,2
21548,9
21549,8
21550,2
21551,9
21552,5
21553,8
21554,0
21555,6
21556,0
21557,9
21558,9
21559,9
21560,7
21561,3
21562,4
21563,7
21564,8
21565,1
21566,4
21567,6
21568,7
21569,7
21570,0
21571,3
21572,1
21573,8
21574,4
21575,3
21576,2
21577,9
21578,6
21579,1
21580,7
21581,6
21582,4
21583,9
21584,4
21585,9
21586,8
21587,1
21588,3
21589,7
21590,7
21591,1
21592,8
21593,6
21594,9
21595,0
21596,7
21597,0
21598,3
21599,4
21600,0
21601,2
21602,0
21603,2
21604,7
21605,2
21606,8
21607,0
21608,9
21609,1
21610,4
21611,2
21612,0
21613,5
21614,1
21615,0
21616,6
21617,3
21618,5
21619,7
21620,3
21621,6
21622,6
21623,5
21624,1
21625,0
21626,3
21627,6
21628,4
21629,4
21630,4
21631,7
21632,9
21633,5
21634,3
21635,7
21636,7
21637,8
21638,4
21639,0
21640,4
21641,9
21642,6
21643,3
21644,9
21645,6
21646,6
21647,0
21648,9
21649,9
21650,4
21651,1
21652,9
21653,2
21654,8
21655,4
21656,5
21657,1
21658,3
21659,8
21660,1
21661,5
21662,6
21663,2
21664,2
21665,3
21666,6
21667,9
21668,4
21669,1
21670,2
21671,1
21672,6
21673,6
21674,5
21675,3
21676,0
21677,1
21678,7
21679,1
21680,4
21681,1
21682,9
21683,0
21684,7
21685,7
21686,8
21687,1
21688,4
21689,7
21690,7
21691,7
21692,3
21693,2
21694,5
21695,7
21696,6
21697,0
21698,3
21699,4
21700,7
21701,7
21702,9
21703,4
21704,2
21705,5
21706,0
21707,6
21708,7
21709,6
21710,0
21711,7
21712,4
21713,9
21714,0
21715,2
21716,9
21717,3
21718,2
21719,4
21720,8
21721,2
21722,1
21723,0
21724,7
21725,3
21726,3
21727,2
21728,1
21729,4
21730,0
21731,2
21732,7
21733,8
21734,6
21735,8
21736,1
21737,3
21738,1
21739,9
21740,1
21741,3
21742,9
21743,2
21744,6
21745,1
21746,1
21747,1
21748,7
21749,9
21750,6
21751,4
21752,6
21753,4
21754,0
21755,4
21756,6
21757,0
21758,5
21759,2
21760,7
21761,1
21762,3
21763,3
21764,3
21765,2
21766,4
21767,2
21768,6
21769,8
21770,8
21771,3
21772,4
21773,5
21774,3
21775,1
21776,6
21777,4
21778,5
21779,0
21780,6
21781,5
21782,1
21783,7
21784,3
21785,5
21786,1
21787,1
21788,8
21789,4
21790,8
21791,1
21792,9
21793,6
21794,9
21795,1
21796,5
21797,2
21798,4
21799,3
21800,8
21801,0
21802,8
21803,1
21804,9
21805,6
21806,9
21807,7
21808,4
21809,8
21810,2
21811,3
21812,2
21813,5
21814,5
21815,9
21816,1
21817,4
21818,8
21819,9
21820,4
21821,7
21822,9
21823,6
21824,3
21825,9
21826,7
21827,8
21828,2
21829,8
21830,1
21831,7
21832,1
21833,0
21834,4
21835,8
21836,8
21837,1
21838,4
21839,7
21840,0
21841,8
21842,4
21843,0
21844,5
21845,8
21846,6
21847,0
21848,7
21849,7
21850,5
21851,5
21852,6
21853,1
21854,4
21855,8
21856,0
21857,0
21858,3
21859,6
21860,1
21861,6
21862,0
21863,7
21864,2
21865,9
21866,1
21867,6
21868,9
21869,7
21870,5
21871,4
21872,3
21873,8
21874,4
21875,2
21876,2
21877,8
21878,6
21879,2
21880,8
21881,8
21882,1
21883,5
21884,4
21885,9
21886,1
21887,0
21888,2
21889,2
21890,0
21891,6
21892,1
21893,3
21894,5
21895,9
21896,0
21897,8
21898,0
21899,8
21900,7
21901,4
21902,4
21903,7
21904,9
21905,1
21906,7
21907,9
21908,8
21909,8
21910,7
21911,9
21912,8
21913,1
21914,2
21915,7
21916,4
21917,5
21918,3
21919,0
21920,5
21921,7
21922,4
21923,3
21924,1
21925,3
21926,0
21927,9
21928,8
21929,9
21930,6
21931,4
21932,1
21933,0
21934,6
21935,0
21936,1
21937,1
21938,0
21939,3
21940,4
21941,2
21942,2
21943,1
21944,9
21945,1
21946,1
21947,6
21948,4
21949,2
21950,1
21951,0
21952,7
21953,8
21954,1
21955,1
21956,4
21957,8
21958,4
21959,3
21960,7
21961,1
21962,7
21963,9
21964,9
21965,0
21966,1
21967,9
21968,1
21969,6
21970,0
21971,1
21972,4
21973,7
21974,8
21975,0
21976,2
21977,9
21978,3
21979,8
21980,1
21981,1
21982,2
21983,6
21984,7
21985,7
21986,0
21987,4
21988,5
21989,2
21990,1
21991,3
21992,1
21993,2
21994,1
21995,3
21996,9
21997,0
21998,8
21999,1
22000,4
22001,0
22002,8
22003,6
22004,0
22005,8
22006,2
22007,0
22008,0
22009,5
22010,7
22011,4
22012,6
22013,1
22014,1
22015,4
22016,3
22017,5
22018,9
22019,8
22020,7
22021,6
22022,8
22023,5
22024,2
22025,0
22026,3
22027,8
22028,8
22029,2
22030,0
22031,2
22032,4
22033,7
22034,2
22035,4
22036,2
22037,7
22038,8
22039,3
22040,7
22041,2
22042,8
22043,0
22044,5
22045,8
22046,7
22047,9
22048,7
22049,0
22050,9
22051,4
22052,2
22053,0
22054,7
22055,6
22056,3
22057,5
22058,1
22059,7
22060,7
22061,8
22062,2
22063,4
22064,6
22065,2
22066,3
22067,9
22068,3
22069,2
22070,4
22071,1
22072,5
22073,9
22074,8
22075,5
22076,9
22077,7
22078,6
22079,1
22080,7
22081,6
22082,3
22083,0
22084,4
22085,3
22086,8
22087,4
22088,7
22089,3
22090,6
22091,1
22092,3
22093,0
22094,5
22095,1
22096,6
22097,3
22098,9
22099,0
22100,1
22101,2
22102,0
22103,6
22104,7
22105,2
22106,0
22107,1
22108,2
22109,2
22110,2
22111,7
22112,6
22113,4
22114,0
22115,3
22116,7
22117,4
22118,2
22119,1
22120,1
22121,2
22122,9
22123,0
22124,0
22125,7
22126,3
22127,3
22128,2
22129,1
22130,7
22131,9
22132,0
22133,5
22134,1
22135,2
22136,6
22137,7
22138,4
22139,2
22140,2
22141,6
22142,1
22143,1
22144,4
22145,4
22146,1
22147,4
22148,3
22149,4
22150,8
22151,1
22152,7
22153,5
22154,7
22155,0
22156,8
22157,6
22158,1
22159,3
22160,0
22161,7
22162,3
22163,7
22164,1
22165,1
22166,7
22167,6
22168,9
22169,4
22170,3
22171,6
22172,0
22173,6
22174,2
22175,9
22176,2
22177,6
22178,1
22179,9
22180,1
22181,7
22182,0
22183,7
22184,3
22185,5
22186,3
22187,0
22188,7
22189,9
22190,8
22191,2
22192,6
22193,3
22194,9
22195,1
22196,4
22197,1
22198,2
22199,6
22200,6
22201,4
22202,1
22203,7
22204,1
22205,4
22206,8
22207,0
22208,9
22209,8
22210,9
22211,7
22212,4
22213,1
22214,5
22215,0
22216,2
22217,1
22218,8
22219,7
22220,3
22221,2
22222,6
22223,4
22224,8
22225,3
22226,1
22227,6
22228,9
22229,8
22230,2
22231,7
22232,0
22233,1
22234,9
22235,3
22236,7
22237,7
22238,7
22239,7
22240,9
22241,5
22242,2
22243,3
22244,6
22245,6
22246,0
22247,2
22248,9
22249,3
22250,7
22251,2
22252,1
22253,3
22254,2
22255,6
22256,7
22257,2
22258,0
22259,1
22260,8
22261,2
22262,9
22263,1
22264,9
22265,3
22266,6
22267,8
22268,8
22269,1
22270,1
22271,3
22272,1
22273,7
22274,9
22275,4
22276,1
22277,8
22278,1
22279,6
22280,6
22281,4
22282,1
22283,2
22284,6
22285,9
22286,3
22287,3
22288,1
22289,0
22290,5
22291,2
22292,8
22293,3
22294,5
22295,2
22296,4
22297,8
22298,6
22299,1
22300,1
22301,5
22302,5
22303,8
22304,7
22305,4
22306,7
22307,2
22308,0
22309,9
22310,7
22311,8
22312,1
22313,7
22314,9
22315,2
22316,1
22317,2
22318,1
22319,6
22320,4
22321,3
22322,1
22323,6
22324,9
22325,2
22326,2
22327,0
22328,1
22329,1
22330,0
22331,4
22332,6
22333,4
22334,8
22335,0
22336,9
22337,1
22338,4
22339,0
22340,2
22341,8
22342,5
22343,7
22344,2
22345,7
22346,3
22347,1
22348,8
22349,5
22350,2
22351,4
22352,8
22353,0
22354,4
22355,1
22356,6
22357,4
22358,8
22359,2
22360,6
22361,2
22362,4
22363,7
22364,9
22365,4
22366,7
22367,6
22368,8
22369,0
22370,2
22371,4
22372,8
22373,3
22374,1
22375,0
22376,8
22377,7
22378,5
22379,4
22380,0
22381,3
22382,8
22383,3
22384,4
22385,4
22386,6
22387,8
22388,6
22389,4
22390,0
22391,2
22392,6
22393,9
22394,8
22395,0
22396,3
22397,4
22398,3
22399,0
22400,8
22401,9
22402,1
22403,7
22404,1
22405,3
22406,0
22407,8
22408,4
22409,7
22410,0
22411,2
22412,6
22413,1
22414,3
22415,6
22416,0
22417,4
22418,6
22419,6
22420,7
22421,6
22422,6
22423,0
22424,9
22425,9
22426,0
22427,2
22428,8
22429,9
22430,3
22431,6
22432,1
22433,6
22434,2
22435,3
22436,7
22437,5
22438,8
22439,8
22440,3
22441,3
22442,0
22443,9
22444,6
22445,2
22446,7
22447,0
22448,9
22449,9
22450,1
22451,2
22452,6
22453,6
22454,1
22455,4
22456,8
22457,8
22458,9
22459,8
22460,9
22461,7
22462,1
22463,6
22464,2
22465,7
22466,4
22467,8
22468,8
22469,0
22470,1
22471,0
22472,0
22473,2
22474,4
22475,4
22476,9
22477,1
22478,0
22479,1
22480,6
22481,2
22482,5
22483,6
22484,8
22485,7
22486,6
22487,8
22488,0
22489,4
22490,7
22491,6
22492,7
22493,1
22494,5
22495,4
22496,7
22497,2
22498,7
22499,7
22500,7
22501,2
22502,3
22503,4
22504,4
22505,8
22506,0
22507,6
22508,6
22509,9
22510,4
22511,6
22512,2
22513,4
22514,6
22515,8
22516,1
22517,6
22518,9
22519,6
22520,5
22521,6
22522,2
22523,7
22524,6
22525,9
22526,6
22527,7
22528,1
22529,6
22530,8
22531,3
22532,7
22533,7
22534,8
22535,4
22536,4
22537,6
22538,1
22539,6
22540,0
22541,1
22542,8
22543,3
22544,1
22545,1
22546,7
22547,9
22548,3
22549,6
22550,8
22551,5
22552,2
22553,9
22554,1
22555,4
22556,6
22557,4
22558,5
22559,9
22560,6
22561,6
22562,5
22563,1
22564,3
22565,2
22566,1
22567,4
22568,2
22569,1
22570,5
22571,5
22572,0
22573,7
22574,3
22575,9
22576,2
22577,8
22578,8
22579,4
22580,8
22581,6
22582,7
22583,4
22584,6
22585,0
22586,7
22587,2
22588,8
22589,4
22590,3
22591,8
22592,1
22593,3
22594,9
22595,1
22596,0
22597,9
22598,5
22599,8
22600,0
22601,7
22602,1
22603,4
22604,7
22605,8
22606,7
22607,8
22608,3
22609,5
22610,0
22611,4
22612,4
22613,5
22614,3
22615,4
22616,9
22617,7
22618,1
22619,3
22620,5
22621,2
22622,5
22623,7
22624,0
22625,1
22626,2
22627,7
22628,9
22629,5
22630,8
22631,1
22632,1
22633,7
22634,0
22635,1
22636,6
22637,5
22638,1
22639,7
22640,5
22641,1
22642,5
22643,7
22644,5
22645,0
22646,9
22647,5
22648,7
22649,4
22650,2
22651,7
22652,3
22653,1
22654,8
22655,6
22656,3
22657,6
22658,5
22659,1
22660,6
22661,9
22662,7
22663,6
22664,2
22665,3
22666,1
22667,7
22668,9
22669,9
22670,5
22671,2
22672,2
22673,4
22674,0
22675,7
22676,6
22677,6
22678,1
22679,1
22680,1
22681,8
22682,7
22683,1
22684,7
22685,2
22686,7
22687,9
22688,2
22689,2
22690,4
22691,0
22692,0
22693,1
22694,2
22695,4
22696,9
22697,2
22698,7
22699,4
22700,2
22701,9
22702,8
22703,2
22704,4
22705,3
22706,4
22707,8
22708,8
22709,3
22710,4
22711,3
22712,3
22713,7
22714,6
22715,8
22716,5
22717,2
22718,9
22719,9
22720,1
22721,1
22722,3
22723,3
22724,0
22725,6
22726,4
22727,3
22728,8
22729,5
22730,0
22731,3
22732,9
22733,1
22734,1
22735,6
22736,4
22737,2
22738,9
22739,2
22740,3
22741,6
22742,4
22743,1
22744,9
22745,0
22746,3
22747,8
22748,5
22749,1
22750,5
22751,4
22752,3
22753,8
22754,1
22755,5
22756,0
22757,8
22758,3
22759,2
22760,9
22761,0
22762,9
22763,0
22764,9
22765,0
22766,0
22767,5
22768,4
22769,3
22770,1
22771,7
22772,7
22773,4
22774,0
22775,2
22776,6
22777,2
22778,4
22779,0
22780,1
22781,3
22782,0
22783,7
22784,8
22785,9
22786,9
22787,7
22788,1
22789,5
22790,2
22791,4
22792,8
22793,7
22794,1
22795,1
22796,6
22797,2
22798,3
22799,2
22800,8
22801,8
22802,9
22803,5
22804,9
22805,4
22806,4
22807,6
22808,2
22809,9
22810,7
22811,9
22812,5
22813,0
22814,6
22815,3
22816,0
22817,1
22818,5
22819,4
22820,8
22821,9
22822,9
22823,9
22824,4
22825,5
22826,3
22827,7
22828,3
22829,9
22830,7
22831,5
22832,0
22833,4
22834,4
22835,2
22836,9
22837,0
22838,8
22839,8
22840,3
22841,2
22842,2
22843,1
22844,7
22845,6
22846,3
22847,6
22848,9
22849,7
22850,2
22851,3
22852,4
22853,6
22854,6
22855,4
22856,5
22857,8
22858,1
22859,4
22860,4
22861,1
22862,3
22863,0
22864,6
22865,7
22866,6
22867,1
22868,1
22869,2
22870,6
22871,9
22872,8
22873,6
22874,9
22875,1
22876,0
22877,7
22878,5
22879,1
22880,9
22881,3
22882,1
22883,3
22884,8
22885,0
22886,8
22887,7
22888,2
22889,6
22890,2
22891,7
22892,8
22893,0
22894,1
22895,2
22896,4
22897,8
22898,2
22899,7
22900,0
22901,0
22902,3
22903,4
22904,7
22905,2
22906,9
22907,3
22908,8
22909,5
22910,1
22911,7
22912,9
22913,3
22914,3
22915,2
22916,5
22917,0
22918,1
22919,3
22920,5
22921,2
22922,8
22923,9
22924,4
22925,9
22926,2
22927,4
22928,1
22929,4
22930,1
22931,4
22932,6
22933,0
22934,6
22935,4
22936,9
22937,1
22938,6
22939,4
22940,9
22941,0
22942,1
22943,4
22944,7
22945,9
22946,3
22947,9
22948,9
22949,4
22950,4
22951,5
22952,6
22953,0
22954,0
22955,7
22956,7
22957,0
22958,6
22959,8
22960,1
22961,8
22962,8
22963,1
22964,4
22965,7
22966,4
22967,2
22968,9
22969,1
22970,5
22971,4
22972,7
22973,6
22974,7
22975,4
22976,2
22977,3
22978,9
22979,7
22980,1
22981,6
22982,5
22983,5
22984,1
22985,3
22986,7
22987,4
22988,1
22989,5
22990,8
22991,5
22992,6
22993,5
22994,0
22995,0
22996,8
22997,3
22998,9
22999,0
23000,5
23001,4
23002,6
23003,7
23004,4
23005,6
23006,9
23007,6
23008,4
23009,7
23010,8
23011,8
23012,0
23013,5
23014,2
23015,4
23016,6
23017,0
23018,6
23019,6
23020,5
23021,0
23022,5
23023,1
23024,5
23025,7
23026,7
23027,3
23028,7
23029,0
23030,3
23031,0
23032,3
23033,5
23034,3
23035,8
23036,7
23037,6
23038,0
23039,9
23040,3
23041,5
23042,0
23043,2
23044,7
23045,6
23046,6
23047,4
23048,7
23049,8
23050,7
23051,1
23052,1
23053,2
23054,9
23055,6
23056,1
23057,0
23058,2
23059,2
23060,8
23061,1
23062,3
23063,5
23064,2
23065,5
23066,9
23067,8
23068,8
23069,6
23070,6
23071,5
23072,0
23073,1
23074,6
23075,9
23076,5
23077,2
23078,7
23079,2
23080,3
23081,4
23082,1
23083,6
23084,9
23085,4
23086,0
23087,7
23088,2
23089,1
23090,0
23091,9
23092,5
23093,6
23094,8
23095,0
23096,3
23097,5
23098,7
23099,5
23100,5
23101,8
23102,7
23103,2
23104,3
23105,6
23106,1
23107,1
23108,9
23109,5
23110,3
23111,1
23112,3
23113,3
23114,6
23115,8
23116,3
23117,5
23118,0
23119,7
23120,1
23121,5
23122,8
23123,5
23124,6
23125,6
23126,1
23127,3
23128,2
23129,8
23130,1
23131,1
23132,9
23133,8
23134,5
23135,9
23136,5
23137,5
23138,1
23139,7
23140,1
23141,1
23142,6
23143,5
23144,7
23145,2
23146,3
23147,3
23148,5
23149,7
23150,3
23151,9
23152,2
23153,3
23154,5
23155,1
23156,6
23157,8
23158,7
23159,7
23160,0
23161,3
23162,6
23163,7
23164,1
23165,9
23166,6
23167,3
23168,7
23169,0
23170,6
23171,9
23172,4
23173,2
23174,1
23175,1
23176,2
23177,9
23178,8
23179,3
23180,2
23181,0
23182,2
23183,3
23184,7
23185,6
23186,9
23187,6
23188,6
23189,6
23190,4
23191,6
23192,1
23193,0
23194,2
23195,3
23196,0
23197,4
23198,7
23199,6
23200,8
23201,8
23202,7
23203,2
23204,6
23205,3
23206,2
23207,2
23208,4
23209,7
23210,0
23211,0
23212,1
23213,0
23214,0
23215,0
23216,3
23217,8
23218,1
23219,8
23220,0
23221,1
23222,9
23223,3
23224,0
23225,9
23226,5
23227,5
23228,5
23229,5
23230,1
23231,3
23232,8
23233,7
23234,3
23235,2
23236,0
23237,6
23238,6
23239,6
23240,7
23241,4
23242,1
23243,7
23244,5
23245,2
23246,1
23247,4
23248,7
23249,2
23250,4
23251,0
23252,6
23253,4
23254,4
23255,5
23256,1
23257,5
23258,8
23259,8
23260,7
23261,7
23262,7
23263,1
23264,5
23265,4
23266,6
23267,7
23268,2
23269,7
23270,1
23271,5
23272,9
23273,9
23274,7
23275,8
23276,2
23277,1
23278,8
23279,6
23280,6
23281,1
23282,4
23283,1
23284,0
23285,0
23286,2
23287,1
23288,2
23289,8
23290,9
23291,2
23292,2
23293,9
23294,5
23295,7
23296,0
23297,8
23298,0
23299,0
23300,0
23301,7
23302,3
23303,5
23304,4
23305,1
23306,4
23307,0
23308,2
23309,0
23310,0
23311,2
23312,2
23313,8
23314,3
23315,5
23316,6
23317,8
23318,7
23319,2
23320,4
23321,3
23322,9
23323,6
23324,4
23325,9
23326,5
23327,6
23328,1
23329,2
23330,3
23331,1
23332,1
23333,2
23334,2
23335,3
23336,2
23337,7
23338,0
23339,6
23340,9
23341,0
23342,1
23343,0
23344,8
23345,8
23346,6
23347,4
23348,2
23349,0
23350,9
23351,9
23352,6
23353,1
23354,6
23355,7
23356,9
23357,0
23358,1
23359,3
23360,1
23361,2
23362,7
23363,8
23364,9
23365,2
23366,9
23367,1
23368,0
23369,7
23370,6
23371,5
23372,0
23373,5
23374,3
23375,5
23376,5
23377,8
23378,7
23379,3
23380,3
23381,2
23382,3
23383,3
23384,6
23385,6
23386,3
23387,1
23388,1
23389,4
23390,6
23391,8
23392,5
23393,3
23394,9
23395,5
23396,4
23397,1
23398,6
23399,7
23400,0
23401,2
23402,0
23403,8
23404,1
23405,7
23406,5
23407,2
23408,8
23409,3
23410,3
23411,1
23412,1
23413,3
23414,2
23415,0
23416,8
23417,1
23418,6
23419,8
23420,7
23421,0
23422,3
23423,0
23424,4
23425,2
23426,4
23427,8
23428,1
23429,3
23430,2
23431,3
23432,6
23433,5
23434,8
23435,3
23436,7
23437,0
23438,1
23439,9
23440,8
23441,0
23442,8
23443,0
23444,5
23445,6
23446,1
23447,4
23448,8
23449,7
23450,1
23451,3
23452,4
23453,0
23454,3
23455,6
23456,3
23457,0
23458,3
23459,8
23460,4
23461,5
23462,8
23463,1
23464,2
23465,0
23466,4
23467,9
23468,3
23469,3
23470,3
23471,7
23472,3
23473,5
23474,3
23475,1
23476,6
23477,0
23478,5
23479,9
23480,5
23481,1
23482,5
23483,5
23484,6
23485,9
23486,7
23487,0
23488,1
23489,1
23490,6
23491,8
23492,5
23493,9
23494,0
23495,6
23496,5
23497,0
23498,8
23499,2
23500,1
23501,3
23502,0
23503,5
23504,6
23505,5
23506,6
23507,1
23508,8
23509,0
23510,0
23511,5
23512,9
23513,7
23514,9
23515,5
23516,2
23517,2
23518,9
23519,4
23520,8
23521,8
23522,3
23523,4
23524,7
23525,4
23526,8
23527,5
23528,3
23529,7
23530,7
23531,1
23532,6
23533,7
23534,2
23535,0
23536,1
23537,2
23538,2
23539,3
23540,5
23541,6
23542,1
23543,2
23544,7
23545,9
23546,3
23547,4
23548,2
23549,8
23550,0
23551,6
23552,8
23553,9
23554,8
23555,7
23556,8
23557,7
23558,2
23559,7
23560,1
23561,0
23562,9
23563,6
23564,3
23565,7
23566,5
23567,7
23568,2
23569,5
23570,5
23571,6
23572,6
23573,4
23574,8
23575,5
23576,7
23577,6
23578,6
23579,2
23580,6
23581,4
23582,1
23583,4
23584,5
23585,6
23586,2
23587,1
23588,6
23589,6
23590,1
23591,5
23592,8
23593,0
23594,7
23595,4
23596,6
23597,4
23598,6
23599,3
23600,1
23601,1
23602,6
23603,6
23604,9
23605,3
23606,9
23607,2
23608,6
23609,5
23610,9
23611,5
23612,7
23613,5
23614,3
23615,9
23616,6
23617,6
23618,8
23619,6
23620,5
23621,9
23622,6
23623,0
23624,6
23625,2
23626,4
23627,6
23628,2
23629,2
23630,3
23631,4
23632,6
23633,6
23634,7
23635,5
23636,3
23637,0
23638,5
23639,1
23640,3
23641,1
23642,8
23643,8
23644,9
23645,8
23646,4
23647,1
23648,4
23649,2
23650,3
23651,8
23652,8
23653,7
23654,1
23655,4
23656,1
23657,0
23658,0
23659,5
23660,0
23661,7
23662,9
23663,9
23664,2
23665,1
23666,6
23667,4
23668,4
23669,9
23670,1
23671,3
23672,8
23673,4
23674,0
23675,4
23676,5
23677,0
23678,4
23679,1
23680,6
23681,3
23682,4
23683,1
23684,5
23685,9
23686,1
23687,7
23688,5
23689,8
23690,2
23691,3
23692,5
23693,9
23694,8
23695,9
23696,2
23697,4
23698,6
23699,1
23700,9
23701,9
23702,0
23703,1
23704,4
23705,1
23706,7
23707,1
23708,5
23709,1
23710,1
23711,4
23712,5
23713,6
23714,7
23715,3
23716,5
23717,2
23718,0
23719,1
23720,7
23721,1
23722,6
23723,8
23724,6
23725,7
23726,7
23727,3
23728,8
23729,8
23730,7
23731,7
23732,1
23733,3
23734,2
23735,0
23736,5
23737,0
23738,4
23739,2
23740,8
23741,6
23742,4
23743,7
23744,8
23745,9
23746,4
23747,1
23748,7
23749,1
23750,4
23751,0
23752,5
23753,3
23754,6
23755,6
23756,0
23757,6
23758,8
23759,1
23760,1
23761,9
23762,8
23763,2
23764,0
23765,2
23766,7
23767,0
23768,3
23769,6
23770,1
23771,6
23772,6
23773,1
23774,2
23775,1
23776,0
23777,1
23778,3
23779,0
23780,5
23781,8
23782,2
23783,7
23784,6
23785,2
23786,1
23787,4
23788,0
23789,8
23790,1
23791,3
23792,1
23793,6
23794,1
23795,9
23796,6
23797,2
23798,8
23799,0
23800,2
23801,0
23802,0
23803,6
23804,3
23805,4
23806,5
23807,4
23808,0
23809,0
23810,5
23811,4
23812,0
23813,2
23814,8
23815,4
23816,0
23817,5
23818,6
23819,6
23820,8
23821,1
23822,2
23823,4
23824,4
23825,7
23826,2
23827,1
23828,5
23829,2
23830,6
23831,6
23832,3
23833,8
23834,8
23835,1
23836,8
23837,1
23838,5
23839,5
23840,0
23841,1
23842,9
23843,9
23844,9
23845,5
23846,3
23847,7
23848,9
23849,9
23850,8
23851,2
23852,3
23853,4
23854,8
23855,5
23856,4
23857,0
23858,7
23859,2
23860,1
23861,4
23862,4
23863,7
23864,3
23865,9
23866,7
23867,4
23868,5
23869,5
23870,4
23871,0
23872,2
23873,2
23874,6
23875,7
23876,5
23877,3
23878,7
23879,6
23880,1
23881,2
23882,8
23883,2
23884,0
23885,8
23886,9
23887,9
23888,6
23889,5
23890,4
23891,9
23892,6
23893,5
23894,1
23895,6
23896,2
23897,7
23898,8
23899,7
23900,6
23901,4
23902,1
23903,6
23904,3
23905,9
23906,2
23907,6
23908,1
23909,8
23910,8
23911,4
23912,0
23913,6
23914,4
23915,5
23916,9
23917,5
23918,6
23919,3
23920,3
23921,2
23922,0
23923,4
23924,2
23925,9
23926,4
23927,1
23928,3
23929,4
23930,7
23931,4
23932,5
23933,9
23934,4
23935,7
23936,7
23937,8
23938,6
23939,4
23940,4
23941,0
23942,0
23943,0
23944,7
23945,7
23946,0
23947,7
23948,0
23949,6
23950,0
23951,0
23952,0
23953,1
23954,5
23955,4
23956,6
23957,8
23958,5
23959,5
23960,4
23961,9
23962,1
23963,3
23964,1
23965,0
23966,2
23967,6
23968,5
23969,4
23970,2
23971,1
23972,9
23973,6
23974,7
23975,7
23976,8
23977,3
23978,8
23979,4
23980,4
23981,9
23982,3
23983,0
23984,7
23985,1
23986,1
23987,0
23988,5
23989,6
23990,8
23991,1
23992,0
23993,3
23994,3
23995,1
23996,2
23997,9
23998,9
23999,5
24000,1
24001,7
24002,5
24003,7
24004,7
24005,2
24006,7
24007,6
24008,6
24009,5
24010,3
24011,8
24012,1
24013,1
24014,1
24015,3
24016,4
24017,6
24018,6
24019,1
24020,5
24021,7
24022,4
24023,6
24024,8
24025,1
24026,7
24027,1
24028,5
24029,9
24030,0
24031,6
24032,3
24033,1
24034,2
24035,8
24036,3
24037,9
24038,8
24039,3
24040,9
24041,7
24042,2
24043,8
24044,4
24045,3
24046,9
24047,1
24048,1
24049,3
24050,1
24051,7
24052,5
24053,0
24054,2
24055,4
24056,5
24057,8
24058,4
24059,2
24060,8
24061,2
24062,5
24063,2
24064,3
24065,5
24066,7
24067,6
24068,8
24069,8
24070,5
24071,8
24072,1
24073,9
24074,9
24075,8
24076,7
24077,1
24078,9
24079,7
24080,8
24081,6
24082,6
24083,2
24084,1
24085,7
24086,3
24087,1
24088,5
24089,1
24090,6
24091,2
24092,0
24093,2
24094,0
24095,0
24096,2
24097,3
24098,4
24099,9
24100,0
24101,8
24102,6
24103,5
24104,8
24105,5
24106,0
24107,2
24108,7
24109,4
24110,4
24111,2
24112,1
24113,3
24114,4
24115,4
24116,5
24117,3
24118,8
24119,0
24120,1
24121,2
24122,0
24123,1
24124,8
24125,7
24126,0
24127,4
24128,3
24129,2
24130,3
24131,2
24132,3
24133,0
24134,3
24135,9
24136,3
24137,0
24138,3
24139,4
24140,9
24141,8
24142,7
24143,8
24144,4
24145,7
24146,9
24147,7
24148,6
24149,9
24150,6
24151,4
24152,7
24153,6
24154,1
24155,1
24156,6
24157,2
24158,7
24159,9
24160,5
24161,3
24162,1
24163,9
24164,0
24165,2
24166,9
24167,9
24168,7
24169,6
24170,7
24171,3
24172,7
24173,1
24174,4
24175,7
24176,7
24177,6
24178,1
24179,0
24180,5
24181,7
24182,7
24183,5
24184,4
24185,0
24186,8
24187,9
24188,2
24189,0
24190,0
24191,9
24192,0
24193,8
24194,2
24195,6
24196,2
24197,4
24198,7
24199,5
24200,3
24201,8
24202,0
24203,1
24204,4
24205,7
24206,4
24207,4
24208,5
24209,6
24210,9
24211,4
24212,9
24213,6
24214,3
24215,4
24216,9
24217,1
24218,1
24219,9
24220,1
24221,5
24222,4
24223,1
24224,8
24225,5
24226,2
24227,6
24228,3
24229,4
24230,6
24231,0
24232,6
24233,4
24234,4
24235,3
24236,3
24237,4
24238,4
24239,2
24240,8
24241,4
24242,0
24243,6
24244,1
24245,2
24246,7
24247,9
24248,6
24249,5
24250,4
24251,9
24252,3
24253,2
24254,5
24255,1
24256,3
24257,0
24258,9
24259,3
24260,0
24261,6
24262,2
24263,1
24264,6
24265,6
24266,2
24267,6
24268,5
24269,8
24270,7
24271,2
24272,4
24273,1
24274,9
24275,9
24276,7
24277,0
24278,6
24279,8
24280,3
24281,9
24282,0
24283,4
24284,4
24285,3
24286,8
24287,0
24288,0
24289,6
24290,7
24291,1
24292,1
24293,4
24294,9
24295,9
24296,8
24297,4
24298,8
24299,1
24300,0
24301,2
24302,5
24303,7
24304,4
24305,7
24306,6
24307,3
24308,7
24309,8
24310,2
24311,1
24312,3
24313,6
24314,8
24315,9
24316,6
24317,4
24318,5
24319,1
24320,2
24321,3
24322,1
24323,7
24324,6
24325,7
24326,9
24327,5
24328,7
24329,2
24330,9
24331,4
24332,3
24333,2
24334,8
24335,8
24336,0
24337,2
24338,7
24339,4
24340,6
24341,3
24342,3
24343,2
24344,3
24345,3
24346,0
24347,9
24348,4
24349,8
24350,5
24351,6
24352,6
24353,3
24354,8
24355,7
24356,1
24357,4
24358,0
24359,8
24360,5
24361,1
24362,0
24363,7
24364,1
24365,4
24366,2
24367,5
24368,4
24369,3
24370,6
24371,2
24372,3
24373,6
24374,5
24375,3
24376,2
24377,1
24378,3
24379,1
24380,9
24381,9
24382,4
24383,6
24384,9
24385,8
24386,0
24387,9
24388,2
24389,0
24390,3
24391,5
24392,9
24393,5
24394,9
24395,0
24396,2
24397,9
24398,4
24399,9
24400,3
24401,4
24402,8
24403,9
24404,3
24405,4
24406,0
24407,5
24408,1
24409,9
24410,1
24411,5
24412,2
24413,1
24414,2
24415,3
24416,9
24417,6
24418,2
24419,4
24420,6
24421,6
24422,0
24423,9
24424,1
24425,3
24426,7
24427,7
24428,4
24429,6
24430,8
24431,2
24432,1
24433,8
24434,3
24435,1
24436,2
24437,6
24438,2
24439,1
24440,0
24441,0
24442,6
24443,2
24444,5
24445,4
24446,6
24447,2
24448,8
24449,9
24450,8
24451,8
24452,7
24453,0
24454,5
24455,2
24456,9
24457,1
24458,1
24459,1
24460,6
24461,7
24462,2
24463,7
24464,8
24465,0
24466,5
24467,2
24468,0
24469,6
24470,2
24471,3
24472,8
24473,4
24474,0
24475,7
24476,1
24477,9
24478,6
24479,4
24480,0
24481,2
24482,3
24483,8
24484,7
24485,8
24486,6
24487,7
24488,1
24489,0
24490,3
24491,0
24492,9
24493,2
24494,3
24495,2
24496,8
24497,0
24498,5
24499,0
24500,3
24501,6
24502,1
24503,4
24504,9
24505,1
24506,5
24507,2
24508,3
24509,0
24510,7
24511,2
24512,9
24513,2
24514,6
24515,7
24516,9
24517,4
24518,3
24519,7
24520,3
24521,0
24522,4
24523,9
24524,6
24525,9
24526,9
24527,4
24528,5
24529,3
24530,3
24531,4
24532,1
24533,8
24534,8
24535,1
24536,4
24537,8
24538,7
24539,4
24540,3
24541,8
24542,4
24543,8
24544,6
24545,4
24546,3
24547,4
24548,8
24549,5
24550,6
24551,8
24552,7
24553,5
24554,3
24555,8
24556,7
24557,9
24558,3
24559,0
24560,0
24561,5
24562,3
24563,9
24564,8
24565,4
24566,3
24567,2
24568,7
24569,1
24570,0
24571,7
24572,1
24573,1
24574,7
24575,7
24576,0
24577,0
24578,5
24579,1
24580,8
24581,7
24582,7
24583,4
24584,2
24585,4
24586,7
24587,5
24588,0
24589,8
24590,9
24591,7
24592,9
24593,5
24594,0
24595,7
24596,0
24597,7
24598,7
24599,8
24600,3
24601,3
24602,4
24603,5
24604,1
24605,6
24606,9
24607,7
24608,1
24609,2
24610,2
24611,9
24612,6
24613,6
24614,1
24615,4
24616,2
24617,0
24618,5
24619,1
24620,1
24621,6
24622,5
24623,6
24624,5
24625,7
24626,7
24627,2
24628,7
24629,6
24630,9
24631,5
24632,3
24633,1
24634,1
24635,6
24636,4
24637,3
24638,6
24639,1
24640,4
24641,8
24642,4
24643,1
24644,6
24645,1
24646,9
24647,7
24648,7
24649,7
24650,1
24651,7
24652,9
24653,3
24654,7
24655,4
24656,6
24657,7
24658,7
24659,3
24660,7
24661,6
24662,2
24663,8
24664,8
24665,9
24666,3
24667,3
24668,4
24669,3
24670,6
24671,1
24672,7
24673,0
24674,7
24675,3
24676,5
24677,1
24678,5
24679,9
24680,0
24681,4
24682,2
24683,1
24684,6
24685,6
24686,3
24687,9
24688,0
24689,8
24690,4
24691,9
24692,9
24693,7
24694,8
24695,1
24696,8
24697,0
24698,9
24699,7
24700,1
24701,9
24702,2
24703,5
24704,1
24705,3
24706,0
24707,2
24708,7
24709,6
24710,2
24711,3
24712,9
24713,7
24714,2
24715,7
24716,0
24717,7
24718,7
24719,6
24720,0
24721,6
24722,8
24723,4
24724,7
24725,5
24726,3
24727,2
24728,3
24729,2
24730,2
24731,3
24732,4
24733,4
24734,4
24735,7
24736,4
24737,0
24738,7
24739,9
24740,6
24741,2
24742,3
24743,2
24744,5
24745,3
24746,9
24747,8
24748,6
24749,7
24750,5
24751,0
24752,6
24753,7
24754,8
24755,0
24756,2
24757,7
24758,9
24759,2
24760,5
24761,5
24762,3
24763,4
24764,5
24765,7
24766,1
24767,3
24768,5
24769,3
24770,8
24771,0
24772,0
24773,2
24774,4
24775,1
24776,7
24777,4
24778,8
24779,3
24780,1
24781,5
24782,2
24783,6
24784,8
24785,3
24786,5
24787,8
24788,0
24789,5
24790,6
24791,1
24792,5
24793,4
24794,3
24795,6
24796,6
24797,8
24798,0
24799,5
24800,4
24801,0
24802,6
24803,0
24804,5
24805,9
24806,3
24807,3
24808,0
24809,1
24810,7
24811,2
24812,2
24813,2
24814,8
24815,9
24816,0
24817,8
24818,0
24819,9
24820,8
24821,2
24822,9
24823,4
24824,3
24825,2
24826,9
24827,2
24828,9
24829,4
24830,1
24831,7
24832,2
24833,1
24834,3
24835,3
24836,7
24837,1
24838,1
24839,7
24840,7
24841,9
24842,9
24843,3
24844,1
24845,8
24846,3
24847,5
24848,1
24849,4
24850,6
24851,9
24852,4
24853,0
24854,3
24855,6
24856,3
24857,6
24858,6
24859,2
24860,9
24861,9
24862,9
24863,7
24864,8
24865,6
24866,6
24867,0
24868,5
24869,1
24870,3
24871,1
24872,4
24873,6
24874,2
24875,0
24876,2
24877,2
24878,2
24879,8
24880,3
24881,2
24882,0
24883,1
24884,0
24885,1
24886,7
24887,6
24888,9
24889,4
24890,9
24891,9
24892,4
24893,7
24894,8
24895,9
24896,7
24897,9
24898,6
24899,3
24900,9
24901,5
24902,0
24903,8
24904,7
24905,0
24906,6
24907,8
24908,1
24909,5
24910,7
24911,5
24912,4
24913,7
24914,8
24915,8
24916,3
24917,3
24918,2
24919,3
24920,6
24921,3
24922,8
24923,5
24924,5
24925,2
24926,5
24927,2
24928,4
24929,2
24930,9
24931,3
24932,9
24933,9
24934,2
24935,6
24936,9
24937,6
24938,0
24939,0
24940,9
24941,0
24942,8
24943,2
24944,1
24945,7
24946,6
24947,2
24948,0
24949,1
24950,6
24951,2
24952,3
24953,8
24954,9
24955,1
24956,2
24957,5
24958,8
24959,2
24960,0
24961,7
24962,7
24963,1
24964,1
24965,0
24966,8
24967,6
24968,7
24969,4
24970,4
24971,7
24972,3
24973,2
24974,0
24975,9
24976,4
24977,2
24978,7
24979,7
24980,1
24981,3
24982,4
24983,1
24984,3
24985,6
24986,3
24987,6
24988,6
24989,9
24990,5
24991,2
24992,4
24993,5
24994,1
24995,3
24996,6
24997,4
24998,6
24999,2
25000,0
25001,2
25002,7
25003,1
25004,9
25005,8
25006,2
25007,4
25008,6
25009,6
25010,3
25011,6
25012,8
25013,2
25014,8
25015,6
25016,1
25017,8
25018,7
25019,3
25020,6
25021,6
25022,5
25023,7
25024,0
25025,2
25026,1
25027,3
25028,4
25029,9
25030,4
25031,3
25032,9
25033,2
25034,7
25035,1
25036,3
25037,2
25038,0
25039,3
25040,3
25041,9
25042,0
25043,4
25044,0
25045,6
25046,9
25047,5
25048,3
25049,7
25050,4
25051,5
25052,0
25053,1
25054,5
25055,7
25056,4
25057,2
25058,3
25059,4
25060,0
25061,1
25062,0
25063,5
25064,8
25065,4
25066,0
25067,3
25068,5
25069,8
25070,6
25071,9
25072,4
25073,4
25074,7
25075,4
25076,3
25077,5
25078,0
25079,9
25080,2
25081,3
25082,6
25083,9
25084,8
25085,2
25086,5
25087,8
25088,7
25089,0
25090,2
25091,2
25092,5
25093,6
25094,7
25095,2
25096,2
25097,5
25098,1
25099,8
25100,5
25101,7
25102,2
25103,2
25104,7
25105,3
25106,7
25107,7
25108,6
25109,6
25110,4
25111,4
25112,1
25113,5
25114,8
25115,9
25116,0
25117,8
25118,8
25119,2
25120,3
25121,6
25122,2
25123,9
25124,8
25125,0
25126,2
25127,0
25128,5
25129,4
25130,8
25131,7
25132,4
25133,6
25134,6
25135,2
25136,9
25137,2
25138,2
25139,6
25140,2
25141,4
25142,0
25143,7
25144,6
25145,2
25146,1
25147,2
25148,6
25149,4
25150,4
25151,5
25152,2
25153,6
25154,7
25155,9
25156,6
25157,2
25158,4
25159,9
25160,8
25161,2
25162,4
25163,9
25164,6
25165,7
25166,8
25167,1
25168,0
25169,9
25170,8
25171,6
25172,4
25173,3
25174,8
25175,4
25176,7
25177,5
25178,1
25179,9
25180,1
25181,4
25182,3
25183,0
25184,4
25185,8
25186,0
25187,9
25188,0
25189,0
25190,3
25191,2
25192,7
25193,1
25194,4
25195,2
25196,8
25197,4
25198,7
25199,8
25200,4
25201,3
25202,1
25203,0
25204,3
25205,2
25206,4
25207,2
25208,2
25209,7
25210,9
25211,4
25212,1
25213,4
25214,2
25215,3
25216,9
25217,8
25218,2
25219,9
25220,1
25221,6
25222,6
25223,9
25224,6
25225,1
25226,4
25227,0
25228,9
25229,9
25230,3
25231,9
25232,6
25233,8
25234,4
25235,0
25236,7
25237,0
25238,0
25239,2
25240,8
25241,3
25242,1
25243,1
25244,3
25245,7
25246,0
25247,6
25248,7
25249,7
25250,0
25251,0
25252,6
25253,0
25254,3
25255,9
25256,5
25257,6
25258,6
25259,1
25260,7
25261,6
25262,3
25263,9
25264,8
25265,7
25266,8
25267,0
25268,4
25269,3
25270,8
25271,0
25272,1
25273,7
25274,7
25275,3
25276,0
25277,6
25278,2
25279,8
25280,2
25281,8
25282,4
25283,9
25284,6
25285,3
25286,4
25287,3
25288,9
25289,7
25290,1
25291,3
25292,2
25293,6
25294,2
25295,5
25296,5
25297,2
25298,9
25299,6
25300,8
25301,6
25302,7
25303,0
25304,8
25305,9
25306,4
25307,0
25308,2
25309,1
25310,5
25311,1
25312,6
25313,8
25314,1
25315,0
25316,2
25317,5
25318,2
25319,9
25320,8
25321,5
25322,3
25323,6
25324,8
25325,7
25326,2
25327,1
25328,8
25329,3
25330,2
25331,0
25332,4
25333,8
25334,0
25335,9
25336,5
25337,0
25338,2
25339,6
25340,0
25341,2
25342,6
25343,3
25344,3
25345,6
25346,2
25347,8
25348,1
25349,7
25350,6
25351,8
25352,1
25353,2
25354,5
25355,3
25356,4
25357,0
25358,0
25359,1
25360,8
25361,2
25362,0
25363,7
25364,9
25365,9
25366,2
25367,0
25368,4
25369,7
25370,0
25371,6
25372,0
25373,3
25374,1
25375,8
25376,2
25377,2
25378,6
25379,2
25380,7
25381,6
25382,0
25383,0
25384,5
25385,1
25386,6
25387,3
25388,7
25389,8
25390,1
25391,5
25392,5
25393,2
25394,0
25395,6
25396,4
25397,5
25398,4
25399,3
25400,7
25401,7
25402,1
25403,5
25404,8
25405,1
25406,8
25407,3
25408,3
25409,6
25410,8
25411,5
25412,0
25413,9
25414,8
25415,6
25416,2
25417,5
25418,1
25419,5
25420,0
25421,9
25422,8
25423,0
25424,2
25425,5
25426,8
25427,2
25428,0
25429,0
25430,4
25431,2
25432,2
25433,8
25434,3
25435,1
25436,3
25437,5
25438,8
25439,1
25440,0
25441,6
25442,8
25443,3
25444,1
25445,6
25446,0
25447,0
25448,2
25449,1
25450,8
25451,2
25452,6
25453,9
25454,6
25455,3
25456,7
25457,5
25458,3
25459,7
25460,2
25461,1
25462,9
25463,9
25464,0
25465,0
25466,3
25467,6
25468,2
25469,6
25470,9
25471,2
25472,1
25473,4
25474,3
25475,0
25476,3
25477,1
25478,8
25479,7
25480,8
25481,7
25482,1
25483,3
25484,5
25485,1
25486,1
25487,4
25488,2
25489,3
25490,4
25491,9
25492,2
25493,0
25494,1
25495,5
25496,3
25497,1
25498,4
25499,0
25500,6
25501,0
25502,7
25503,1
25504,7
25505,1
25506,2
25507,7
25508,4
25509,0
25510,9
25511,6
25512,2
25513,6
25514,3
25515,2
25516,4
25517,7
25518,5
25519,1
25520,0
25521,4
25522,3
25523,5
25524,9
25525,1
25526,4
25527,3
25528,1
25529,3
25530,5
25531,5
25532,7
25533,6
25534,9
25535,6
25536,7
25537,5
25538,6
25539,9
25540,8
25541,5
25542,1
25543,3
25544,0
25545,6
25546,7
25547,8
25548,7
25549,6
25550,7
25551,4
25552,7
25553,6
25554,3
25555,7
25556,3
25557,6
25558,1
25559,8
25560,2
25561,7
25562,8
25563,7
25564,9
25565,4
25566,1
25567,8
25568,8
25569,7
25570,3
25571,8
25572,8
25573,5
25574,0
25575,2
25576,7
25577,8
25578,9
25579,9
25580,7
25581,7
25582,2
25583,3
25584,1
25585,4
25586,8
25587,5
25588,9
25589,0
25590,4
25591,6
25592,1
25593,5
25594,3
25595,8
25596,3
25597,0
25598,1
25599,8
25600,1
25601,4
25602,6
25603,8
25604,7
25605,2
25606,8
25607,0
25608,5
25609,3
25610,4
25611,6
25612,3
25613,0
25614,2
25615,4
25616,4
25617,9
25618,1
25619,5
25620,1
25621,0
25622,2
25623,4
25624,4
25625,1
25626,2
25627,4
25628,5
25629,5
25630,9
25631,9
25632,2
25633,2
25634,2
25635,4
25636,4
25637,9
25638,6
25639,2
25640,5
25641,2
25642,2
25643,0
25644,2
25645,7
25646,9
25647,5
25648,0
25649,7
25650,0
25651,8
25652,0
25653,1
25654,7
25655,8
25656,2
25657,7
25658,4
25659,0
25660,8
25661,9
25662,4
25663,9
25664,3
25665,5
25666,0
25667,3
25668,3
25669,8
25670,0
25671,7
25672,0
25673,6
25674,7
25675,2
25676,0
25677,3
25678,6
25679,2
25680,1
25681,8
25682,6
25683,0
25684,1
25685,3
25686,8
25687,0
25688,3
25689,6
25690,3
25691,8
25692,1
25693,1
25694,2
25695,6
25696,8
25697,8
25698,9
25699,4
25700,9
25701,5
25702,7
25703,9
25704,6
25705,6
25706,4
25707,9
25708,0
25709,4
25710,0
25711,1
25712,3
25713,0
25714,0
25715,5
25716,9
25717,7
25718,2
25719,1
25720,6
25721,7
25722,2
25723,2
25724,1
25725,8
25726,8
25727,8
25728,9
25729,6
25730,2
25731,9
25732,9
25733,7
25734,4
25735,0
25736,9
25737,6
25738,8
25739,3
25740,4
25741,9
25742,7
25743,9
25744,5
25745,4
25746,7
25747,0
25748,4
25749,6
25750,4
25751,4
25752,4
25753,9
25754,7
25755,7
25756,8
25757,0
25758,0
25759,5
25760,6
25761,7
25762,2
25763,1
25764,3
25765,9
25766,8
25767,0
25768,1
25769,3
25770,8
25771,4
25772,3
25773,1
25774,2
25775,8
25776,4
25777,4
25778,5
25779,1
25780,4
25781,0
25782,3
25783,8
25784,8
25785,7
25786,1
25787,1
25788,6
25789,8
25790,2
25791,8
25792,6
25793,3
25794,4
25795,5
25796,9
25797,4
25798,2
25799,3
25800,1
25801,2
25802,0
25803,8
25804,3
25805,5
25806,8
25807,5
25808,2
25809,2
25810,3
25811,0
25812,1
25813,1
25814,4
25815,8
25816,2
25817,7
25818,6
25819,0
25820,6
25821,5
25822,8
25823,4
25824,3
25825,3
25826,3
25827,2
25828,9
25829,5
25830,7
25831,4
25832,7
25833,2
25834,5
25835,9
25836,5
25837,4
25838,7
25839,8
25840,4
25841,3
25842,2
25843,3
25844,6
25845,9
25846,2
25847,6
25848,3
25849,4
25850,4
25851,6
25852,1
25853,9
25854,5
25855,5
25856,2
25857,2
25858,9
25859,0
25860,8
25861,7
25862,8
25863,0
25864,8
25865,6
25866,2
25867,5
25868,5
25869,0
25870,5
25871,4
25872,2
25873,6
25874,0
25875,9
25876,8
25877,5
25878,9
25879,6
25880,1
25881,9
25882,3
25883,7
25884,1
25885,3
25886,7
25887,4
25888,1
25889,1
25890,7
25891,6
25892,9
25893,5
25894,8
25895,0
25896,8
25897,5
25898,3
25899,8
25900,0
25901,1
25902,4
25903,8
25904,6
25905,6
25906,9
25907,5
25908,8
25909,0
25910,7
25911,3
25912,4
25913,9
25914,2
25915,9
25916,4
25917,3
25918,1
25919,0
25920,8
25921,6
25922,3
25923,2
25924,4
25925,5
25926,2
25927,1
25928,3
25929,8
25930,8
25931,4
25932,9
25933,7
25934,9
25935,5
25936,7
25937,0
25938,7
25939,7
25940,8
25941,8
25942,8
25943,7
25944,1
25945,2
25946,0
25947,0
25948,0
25949,7
25950,6
25951,6
25952,8
25953,6
25954,1
25955,3
25956,0
25957,2
25958,6
25959,3
25960,6
25961,8
25962,0
25963,5
25964,6
25965,3
25966,0
25967,2
25968,7
25969,7
25970,0
25971,1
25972,4
25973,8
25974,5
25975,5
25976,1
25977,9
25978,5
25979,4
25980,4
25981,2
25982,0
25983,1
25984,7
25985,6
25986,6
25987,7
25988,0
25989,6
25990,4
25991,9
25992,8
25993,8
25994,9
25995,3
25996,3
25997,1
25998,0
25999,4
26000,4
26001,7
26002,0
26003,5
26004,7
26005,6
26006,7
26007,8
26008,1
26009,3
26010,4
26011,6
26012,7
26013,0
26014,4
26015,3
26016,2
26017,5
26018,3
26019,7
26020,3
26021,7
26022,1
26023,9
26024,1
26025,3
26026,4
26027,0
26028,1
26029,7
26030,4
26031,2
26032,4
26033,3
26034,5
26035,4
26036,0
26037,6
26038,2
26039,2
26040,6
26041,9
26042,3
26043,3
26044,9
26045,9
26046,8
26047,1
26048,5
26049,1
26050,7
26051,0
26052,3
26053,1
26054,9
26055,2
26056,8
26057,4
26058,8
26059,2
26060,1
26061,7
26062,0
26063,0
26064,1
26065,8
26066,7
26067,4
26068,9
26069,9
26070,7
26071,0
26072,5
26073,1
26074,5
26075,8
26076,6
26077,8
26078,5
26079,6
26080,3
26081,6
26082,1
26083,1
26084,9
26085,6
26086,4
26087,3
26088,6
26089,8
26090,8
26091,5
26092,3
26093,9
26094,7
26095,2
26096,7
26097,1
26098,5
26099,9
26100,1
26101,3
26102,9
26103,5
26104,0
26105,4
26106,6
26107,3
26108,5
26109,3
26110,3
26111,6
26112,1
26113,3
26114,2
26115,3
26116,2
26117,2
26118,6
26119,2
26120,0
26121,1
26122,2
26123,7
26124,8
26125,5
26126,6
26127,2
26128,8
26129,4
26130,6
26131,8
26132,8
26133,8
26134,2
26135,4
26136,8
26137,7
26138,1
26139,6
26140,7
26141,3
26142,7
26143,7
26144,4
26145,0
26146,1
26147,3
26148,9
26149,2
26150,0
26151,0
26152,5
26153,4
26154,7
26155,8
26156,6
26157,8
26158,7
26159,8
26160,4
26161,3
26162,3
26163,1
26164,3
26165,1
26166,5
26167,6
26168,0
26169,3
26170,5
26171,0
26172,3
26173,7
26174,7
26175,8
26176,6
26177,3
26178,6
26179,9
26180,5
26181,9
26182,2
26183,1
26184,2
26185,3
26186,5
26187,2
26188,2
26189,2
26190,1
26191,3
26192,3
26193,5
26194,8
26195,7
26196,9
26197,3
26198,4
26199,2
26200,7
26201,1
26202,7
26203,8
26204,2
26205,2
26206,3
26207,9
26208,5
26209,5
26210,7
26211,2
26212,3
26213,9
26214,0
26215,5
26216,5
26217,6
26218,6
26219,9
26220,3
26221,6
26222,5
26223,9
26224,2
26225,0
26226,7
26227,9
26228,7
26229,7
26230,1
26231,2
26232,0
26233,3
26234,2
26235,8
26236,0
26237,3
26238,3
26239,6
26240,3
26241,0
26242,5
26243,2
26244,6
26245,6
26246,7
26247,8
26248,0
26249,1
26250,8
26251,7
26252,1
26253,2
26254,9
26255,2
26256,5
26257,7
26258,6
26259,3
26260,6
26261,7
26262,0
26263,4
26264,5
26265,1
26266,9
26267,4
26268,6
26269,0
26270,5
26271,8
26272,4
26273,0
26274,4
26275,3
26276,3
26277,1
26278,5
26279,1
26280,5
26281,1
26282,2
26283,1
26284,0
26285,9
26286,6
26287,7
26288,5
26289,9
26290,9
26291,3
26292,4
26293,7
26294,7
26295,5
26296,6
26297,3
26298,9
26299,0
26300,4
26301,4
26302,0
26303,8
26304,5
26305,8
26306,1
26307,5
26308,5
26309,5
26310,7
26311,8
26312,5
26313,0
26314,7
26315,0
26316,4
26317,4
26318,4
26319,5
26320,6
26321,4
26322,2
26323,8
26324,2
26325,6
26326,8
26327,1
26328,2
26329,3
26330,8
26331,9
26332,8
26333,3
26334,9
26335,9
26336,6
26337,7
26338,1
26339,2
26340,7
26341,7
26342,3
26343,3
26344,1
26345,1
26346,9
26347,7
26348,2
26349,1
26350,8
26351,1
26352,2
26353,7
26354,8
26355,5
26356,0
26357,4
26358,3
26359,2
26360,8
26361,4
26362,3
26363,3
26364,2
26365,9
26366,0
26367,7
26368,7
26369,1
26370,9
26371,0
26372,4
26373,2
26374,2
26375,8
26376,7
26377,4
26378,3
26379,7
26380,4
26381,2
26382,3
26383,4
26384,0
26385,5
26386,3
26387,3
26388,0
26389,1
26390,2
26391,5
26392,0
26393,7
26394,5
26395,7
26396,3
26397,7
26398,8
26399,7
26400,4
26401,9
26402,1
26403,5
26404,0
26405,8
26406,2
26407,9
26408,2
26409,1
26410,0
26411,1
26412,2
26413,6
26414,9
26415,2
26416,8
26417,3
26418,5
26419,3
26420,5
26421,9
26422,1
26423,4
26424,7
26425,1
26426,8
26427,1
26428,8
26429,8
26430,9
26431,4
26432,6
26433,1
26434,9
26435,9
26436,3
26437,4
26438,1
26439,2
26440,2
26441,3
26442,5
26443,9
26444,0
26445,7
26446,2
26447,8
26448,2
26449,9
26450,9
26451,9
26452,9
26453,0
26454,7
26455,8
26456,2
26457,3
26458,3
26459,1
26460,9
26461,9
26462,8
26463,8
26464,3
26465,5
26466,1
26467,2
26468,1
26469,7
26470,2
26471,0
26472,7
26473,3
26474,8
26475,1
26476,7
26477,0
26478,6
26479,4
26480,0
26481,8
26482,1
26483,4
26484,7
26485,7
26486,4
26487,7
26488,3
26489,2
26490,9
26491,6
26492,7
26493,5
26494,9
26495,7
26496,4
26497,6
26498,2
26499,7
26500,6
26501,7
26502,1
26503,3
26504,7
26505,0
26506,3
26507,1
26508,4
26509,7
26510,5
26511,2
26512,0
26513,4
26514,4
26515,9
26516,7
26517,4
26518,9
26519,0
26520,9
26521,0
26522,2
26523,1
26524,6
26525,6
26526,3
26527,6
26528,4
26529,9
26530,2
26531,2
26532,3
26533,1
26534,1
26535,0
26536,7
26537,1
26538,2
26539,7
26540,9
26541,0
26542,4
26543,0
26544,6
26545,7
26546,1
26547,0
26548,9
26549,7
26550,5
26551,0
26552,8
26553,4
26554,8
26555,7
26556,0
26557,5
26558,0
26559,3
26560,6
26561,2
26562,0
26563,8
26564,2
26565,7
26566,6
26567,0
26568,8
26569,5
26570,5
26571,2
26572,6
26573,9
26574,4
26575,2
26576,0
26577,9
26578,3
26579,8
26580,1
26581,0
26582,6
26583,7
26584,2
26585,7
26586,0
26587,3
26588,1
26589,9
26590,2
26591,1
26592,9
26593,7
26594,3
26595,0
26596,6
26597,4
26598,2
26599,2
26600,5
26601,3
26602,7
26603,8
26604,8
26605,5
26606,7
26607,4
26608,2
26609,7
26610,4
26611,4
26612,0
26613,3
26614,8
26615,9
26616,9
26617,2
26618,8
26619,8
26620,8
26621,0
26622,3
26623,1
26624,1
26625,1
26626,0
26627,9
26628,0
26629,4
26630,1
26631,7
26632,4
26633,7
26634,6
26635,1
26636,1
26637,4
26638,3
26639,7
26640,1
26641,5
26642,6
26643,9
26644,5
26645,8
26646,9
26647,3
26648,2
26649,9
26650,1
26651,8
26652,3
26653,9
26654,6
26655,3
26656,6
26657,7
26658,9
26659,1
26660,7
26661,3
26662,2
26663,5
26664,2
26665,9
26666,7
26667,2
26668,6
26669,2
26670,8
26671,6
26672,5
26673,7
26674,7
26675,3
26676,5
26677,8
26678,0
26679,0
26680,4
26681,2
26682,2
26683,5
26684,1
26685,9
26686,5
26687,9
26688,6
26689,5
26690,0
26691,8
26692,3
26693,3
26694,7
26695,6
26696,1
26697,8
26698,3
26699,8
26700,8
26701,0
26702,8
26703,4
26704,0
26705,7
26706,8
26707,6
26708,1
26709,4
26710,6
26711,5
26712,0
26713,4
26714,9
26715,7
26716,1
26717,9
26718,6
26719,6
26720,6
26721,5
26722,4
26723,8
26724,8
26725,7
26726,2
26727,4
26728,5
26729,7
26730,5
26731,0
26732,0
26733,0
26734,8
26735,0
26736,7
26737,7
26738,0
26739,2
26740,6
26741,9
26742,3
26743,9
26744,8
26745,7
26746,2
26747,9
26748,7
26749,3
26750,9
26751,5
26752,9
26753,9
26754,0
26755,7
26756,5
26757,8
26758,4
26759,5
26760,8
26761,7
26762,8
26763,9
26764,1
26765,2
26766,2
26767,7
26768,7
26769,4
26770,7
26771,0
26772,6
26773,3
26774,9
26775,2
26776,2
26777,5
26778,0
26779,1
26780,2
26781,9
26782,1
26783,8
26784,4
26785,0
26786,6
26787,4
26788,9
26789,5
26790,3
26791,0
26792,2
26793,0
26794,1
26795,4
26796,9
26797,8
26798,0
26799,5
26800,7
26801,4
26802,4
26803,2
26804,0
26805,2
26806,4
26807,2
26808,1
26809,8
26810,3
26811,9
26812,0
26813,1
26814,0
26815,4
26816,7
26817,6
26818,5
26819,0
26820,5
26821,6
26822,1
26823,0
26824,0
26825,0
26826,7
26827,0
26828,3
26829,7
26830,7
26831,3
26832,7
26833,7
26834,8
26835,4
26836,4
26837,8
26838,3
26839,3
26840,0
26841,6
26842,4
26843,1
26844,0
26845,0
26846,2
26847,3
26848,2
26849,1
26850,1
26851,7
26852,3
26853,7
26854,6
26855,8
26856,6
26857,3
26858,4
26859,6
26860,4
26861,4
26862,3
26863,3
26864,4
26865,2
26866,3
26867,1
26868,3
26869,8
26870,5
26871,1
26872,2
26873,4
26874,0
26875,3
26876,6
26877,2
26878,2
26879,1
26880,2
26881,9
26882,0
26883,6
26884,1
26885,2
26886,4
26887,1
26888,3
26889,9
26890,7
26891,6
26892,0
26893,4
26894,5
26895,8
26896,3
26897,7
26898,2
26899,3
26900,4
26901,4
26902,8
26903,4
26904,6
26905,2
26906,1
26907,7
26908,7
26909,9
26910,8
26911,1
26912,2
26913,1
26914,3
26915,5
26916,1
26917,6
26918,9
26919,0
26920,9
26921,4
26922,7
26923,1
26924,0
26925,7
26926,0
26927,5
26928,3
26929,7
26930,5
26931,6
26932,9
26933,9
26934,4
26935,6
26936,0
26937,8
26938,9
26939,7
26940,9
26941,7
26942,1
26943,7
26944,1
26945,2
26946,6
26947,7
26948,8
26949,0
26950,8
26951,2
26952,5
26953,9
26954,7
26955,1
26956,2
26957,6
26958,0
26959,5
26960,6
26961,6
26962,1
26963,0
26964,0
26965,2
26966,4
26967,9
26968,8
26969,4
26970,6
26971,8
26972,0
26973,2
26974,8
26975,4
26976,9
26977,7
26978,4
26979,1
26980,1
26981,7
26982,4
26983,1
26984,5
26985,7
26986,6
26987,2
26988,2
26989,3
26990,0
26991,7
26992,4
26993,0
26994,7
26995,2
26996,6
26997,0
26998,3
26999,6
27000,1
27001,2
27002,3
27003,3
27004,5
27005,7
27006,0
27007,5
27008,6
27009,2
27010,3
27011,6
27012,1
27013,4
27014,4
27015,0
27016,9
27017,8
27018,9
27019,8
27020,7
27021,4
27022,8
27023,4
27024,3
27025,9
27026,7
27027,8
27028,3
27029,8
27030,3
27031,6
27032,7
27033,3
27034,0
27035,1
27036,2
27037,3
27038,8
27039,2
27040,0
27041,8
27042,0
27043,3
27044,4
27045,2
27046,2
27047,3
27048,4
27049,0
27050,7
27051,3
27052,2
27053,2
27054,9
27055,4
27056,5
27057,1
27058,0
27059,5
27060,9
27061,6
27062,1
27063,5
27064,0
27065,7
27066,6
27067,4
27068,2
27069,5
27070,3
27071,7
27072,9
27073,3
27074,9
27075,1
27076,8
27077,1
27078,6
27079,2
27080,3
27081,4
27082,8
27083,0
27084,9
27085,1
27086,9
27087,4
27088,4
27089,6
27090,2
27091,6
27092,0
27093,5
27094,7
27095,0
27096,8
27097,7
27098,8
27099,9
27100,9
27101,0
27102,7
27103,7
27104,3
27105,2
27106,6
27107,0
27108,2
27109,6
27110,3
27111,5
27112,2
27113,1
27114,1
27115,1
27116,0
27117,1
27118,0
27119,8
27120,0
27121,6
27122,6
27123,4
27124,2
27125,8
27126,1
27127,9
27128,3
27129,9
27130,7
27131,8
27132,8
27133,4
27134,6
27135,2
27136,1
27137,7
27138,6
27139,8
27140,0
27141,7
27142,7
27143,5
27144,7
27145,2
27146,4
27147,3
27148,3
27149,6
27150,7
27151,6
27152,5
27153,9
27154,2
27155,9
27156,4
27157,4
27158,1
27159,0
27160,1
27161,4
27162,5
27163,4
27164,4
27165,6
27166,8
27167,5
27168,2
27169,3
27170,5
27171,2
27172,8
27173,5
27174,5
27175,3
27176,0
27177,8
27178,3
27179,3
27180,3
27181,9
27182,0
27183,3
27184,0
27185,3
27186,0
27187,3
27188,2
27189,9
27190,7
27191,5
27192,4
27193,9
27194,2
27195,4
27196,0
27197,1
27198,0
27199,6
27200,3
27201,0
27202,2
27203,8
27204,1
27205,3
27206,5
27207,5
27208,8
27209,9
27210,2
27211,7
27212,1
27213,6
27214,4
27215,6
27216,7
27217,2
27218,0
27219,4
27220,9
27221,6
27222,1
27223,8
27224,0
27225,4
27226,9
27227,5
27228,1
27229,6
27230,1
27231,1
27232,0
27233,9
27234,5
27235,9
27236,7
27237,9
27238,1
27239,6
27240,0
27241,0
27242,1
27243,7
27244,5
27245,8
27246,9
27247,7
27248,9
27249,9
27250,4
27251,6
27252,7
27253,7
27254,3
27255,6
27256,8
27257,0
27258,2
27259,0
27260,3
27261,1
27262,6
27263,2
27264,9
27265,6
27266,1
27267,8
27268,8
27269,1
27270,2
27271,8
27272,6
27273,1
27274,4
27275,2
27276,5
27277,2
27278,6
27279,0
27280,1
27281,9
27282,7
27283,5
27284,7
27285,3
27286,1
27287,6
27288,1
27289,0
27290,7
27291,5
27292,4
27293,2
27294,7
27295,3
27296,7
27297,3
27298,6
27299,4
27300,9
27301,5
27302,5
27303,1
27304,4
27305,6
27306,3
27307,9
27308,7
27309,8
27310,1
27311,8
27312,5
27313,7
27314,0
27315,6
27316,8
27317,5
27318,2
27319,5
27320,4
27321,1
27322,5
27323,4
27324,7
27325,5
27326,8
27327,3
27328,2
27329,1
27330,9
27331,2
27332,2
27333,5
27334,6
27335,1
27336,4
27337,1
27338,1
27339,1
27340,8
27341,1
27342,4
27343,7
27344,8
27345,3
27346,6
27347,8
27348,1
27349,5
27350,3
27351,9
27352,2
27353,4
27354,2
27355,5
27356,0
27357,4
27358,2
27359,1
27360,8
27361,4
27362,5
27363,4
27364,1
27365,6
27366,5
27367,5
27368,8
27369,2
27370,2
27371,9
27372,0
27373,2
27374,3
27375,8
27376,2
27377,8
27378,8
27379,4
27380,7
27381,4
27382,6
27383,7
27384,4
27385,4
27386,1
27387,5
27388,7
27389,9
27390,2
27391,6
27392,1
27393,0
27394,7
27395,1
27396,0
27397,9
27398,3
27399,7
27400,6
27401,7
27402,7
27403,1
27404,6
27405,7
27406,4
27407,3
27408,1
27409,7
27410,0
27411,5
27412,6
27413,7
27414,6
27415,6
27416,5
27417,7
27418,3
27419,4
27420,6
27421,0
27422,0
27423,6
27424,4
27425,2
27426,1
27427,4
27428,6
27429,3
27430,0
27431,9
27432,9
27433,5
27434,4
27435,2
27436,6
27437,0
27438,2
27439,4
27440,0
27441,1
27442,1
27443,0
27444,5
27445,9
27446,1
27447,1
27448,9
27449,9
27450,2
27451,4
27452,1
27453,0
27454,8
27455,3
27456,1
27457,8
27458,7
27459,2
27460,9
27461,8
27462,8
27463,0
27464,7
27465,9
27466,7
27467,2
27468,4
27469,1
27470,6
27471,9
27472,4
27473,8
27474,3
27475,6
27476,1
27477,3
27478,2
27479,3
27480,7
27481,5
27482,4
27483,3
27484,4
27485,2
27486,0
27487,7
27488,1
27489,6
27490,8
27491,1
27492,8
27493,1
27494,3
27495,0
27496,1
27497,0
27498,4
27499,8
27500,4
27501,5
27502,5
27503,2
27504,1
27505,8
27506,3
27507,8
27508,7
27509,8
27510,4
27511,2
27512,3
27513,6
27514,4
27515,5
27516,3
27517,1
27518,8
27519,0
27520,2
27521,7
27522,3
27523,7
27524,8
27525,5
27526,7
27527,6
27528,6
27529,3
27530,8
27531,5
27532,7
27533,1
27534,9
27535,6
27536,0
27537,5
27538,0
27539,2
27540,7
27541,9
27542,7
27543,8
27544,5
27545,5
27546,2
27547,1
27548,8
27549,7
27550,1
27551,7
27552,3
27553,5
27554,0
27555,0
27556,9
27557,6
27558,7
27559,6
27560,6
27561,2
27562,4
27563,9
27564,8
27565,6
27566,8
27567,2
27568,5
27569,8
27570,9
27571,5
27572,6
27573,2
27574,7
27575,1
27576,7
27577,8
27578,5
27579,3
27580,1
27581,3
27582,8
27583,9
27584,6
27585,4
27586,9
27587,1
27588,8
27589,0
27590,8
27591,6
27592,2
27593,9
27594,4
27595,2
27596,1
27597,7
27598,6
27599,3
27600,1
27601,7
27602,7
27603,0
27604,8
27605,3
27606,4
27607,7
27608,2
27609,9
27610,5
27611,1
27612,0
27613,7
27614,6
27615,7
27616,8
27617,4
27618,5
27619,3
27620,0
27621,8
27622,2
27623,8
27624,0
27625,5
27626,0
27627,5
27628,0
27629,1
27630,9
27631,2
27632,3
27633,7
27634,3
27635,9
27636,9
27637,5
27638,8
27639,7
27640,0
27641,2
27642,9
27643,3
27644,3
27645,2
27646,6
27647,6
27648,8
27649,7
27650,7
27651,0
27652,9
27653,1
27654,7
27655,3
27656,3
27657,7
27658,5
27659,6
27660,0
27661,4
27662,9
27663,8
27664,2
27665,3
27666,4
27667,3
27668,3
27669,4
27670,3
27671,4
27672,5
27673,9
27674,1
27675,4
27676,0
27677,2
27678,7
27679,5
27680,3
27681,1
27682,6
27683,1
27684,8
27685,4
27686,8
27687,7
27688,5
27689,2
27690,5
27691,1
27692,7
27693,4
27694,8
27695,0
27696,5
27697,7
27698,4
27699,8
27700,2
27701,5
27702,9
27703,3
27704,4
27705,5
27706,6
27707,7
27708,5
27709,9
27710,8
27711,3
27712,7
27713,7
27714,3
27715,2
27716,8
27717,8
27718,2
27719,0
27720,1
27721,2
27722,0
27723,4
27724,1
27725,8
27726,0
27727,1
27728,4
27729,3
27730,1
27731,9
27732,4
27733,4
27734,5
27735,4
27736,5
27737,8
27738,0
27739,5
27740,0
27741,0
27742,9
27743,3
27744,2
27745,5
27746,9
27747,7
27748,4
27749,8
27750,7
27751,8
27752,0
27753,9
27754,4
27755,3
27756,3
27757,0
27758,7
27759,6
27760,6
27761,8
27762,8
27763,2
27764,1
27765,4
27766,9
27767,6
27768,9
27769,7
27770,5
27771,0
27772,4
27773,2
27774,9
27775,2
27776,8
27777,6
27778,6
27779,8
27780,3
27781,2
27782,0
27783,9
27784,1
27785,5
27786,3
27787,1
27788,0
27789,4
27790,7
27791,5
27792,9
27793,6
27794,3
27795,0
27796,9
27797,6
27798,7
27799,2
27800,7
27801,3
27802,0
27803,3
27804,3
27805,1
27806,8
27807,7
27808,2
27809,8
27810,7
27811,7
27812,0
27813,0
27814,6
27815,2
27816,8
27817,1
27818,0
27819,5
27820,9
27821,2
27822,5
27823,9
27824,4
27825,4
27826,0
27827,4
27828,0
27829,8
27830,4
27831,3
27832,1
27833,6
27834,4
27835,4
27836,1
27837,0
27838,9
27839,8
27840,8
27841,1
27842,1
27843,9
27844,8
27845,6
27846,4
27847,1
27848,8
27849,8
27850,1
27851,5
27852,1
27853,6
27854,3
27855,3
27856,5
27857,5
27858,4
27859,1
27860,2
27861,3
27862,6
27863,3
27864,8
27865,6
27866,1
27867,3
27868,4
27869,7
27870,7
27871,1
27872,5
27873,7
27874,3
27875,0
27876,6
27877,3
27878,4
27879,8
27880,2
27881,8
27882,6
27883,7
27884,5
27885,8
27886,8
27887,3
27888,2
27889,1
27890,6
27891,9
27892,8
27893,9
27894,0
27895,9
27896,1
27897,5
27898,9
27899,4
27900,6
27901,2
27902,2
27903,2
27904,5
27905,1
27906,9
27907,4
27908,0
27909,1
27910,1
27911,3
27912,4
27913,0
27914,6
27915,9
27916,8
27917,1
27918,7
27919,2
27920,4
27921,0
27922,6
27923,8
27924,0
27925,2
27926,5
27927,1
27928,5
27929,4
27930,4
27931,7
27932,1
27933,1
27934,0
27935,7
27936,7
27937,0
27938,4
27939,9
27940,2
27941,6
27942,5
27943,9
27944,1
27945,9
27946,6
27947,7
27948,9
27949,9
27950,2
27951,8
27952,2
27953,6
27954,0
27955,1
27956,1
27957,3
27958,1
27959,7
27960,2
27961,3
27962,9
27963,9
27964,1
27965,9
27966,3
27967,4
27968,0
27969,3
27970,3
27971,5
27972,0
27973,4
27974,8
27975,0
27976,3
27977,6
27978,0
27979,1
27980,9
27981,3
27982,1
27983,1
27984,0
27985,4
27986,5
27987,2
27988,2
27989,9
27990,6
27991,7
27992,6
27993,1
27994,9
27995,7
27996,9
27997,7
27998,3
27999,9
28000,2
